0.6359727
-0.6945853
-0.65680367
-0.4293325
-0.9624181
-0.3849283
-0.45171908
-0.5929857
0.35312095
-0.033221383
-0.31281593
-1.565984
0.42892963
0.05843061
-0.9984251
-0.96250725
1.0985117
-0.07152229
0.08270837
0.7000559
-0.09507794
1.4657241
-0.4112816
-0.26385227
0.74099267
-0.42216337
-0.4506588
-0.034303937
-1.1412898
-1.3467666
-0.2529233
-0.10636411
1.184127
1.4282372
0.9393504
-0.15402843
0.8673387
-0.53193563
1.2362585
-0.5524456
0.7550743
0.66312164
0.6230172
0.4864003
-0.108455114
0.3554885
-0.1897597
0.23935881
-0.7582896
0.30015332
-0.46553499
0.30174002
0.3555073
-0.6782173
-0.64434034
-0.1908811
-0.33511716
-0.3616167
-0.521364
0.07073131
0.037649732
-1.2504098
-0.65944695
0.72700423
0.9272723
-0.95683104
-0.4228976
-0.74795705
-0.11955339
-0.33658344
-0.5945322
-0.14686488
0.658444
0.83867764
1.2268457
0.18732421
-1.3860027
1.5388608
0.59331536
-1.0085361
0.056895796
0.014779612
0.04281757
0.05251565
0.053623363
-0.0009875885
0.0
-0.020528711
-0.017440388
-0.029179126
0.0
-0.0076066907
0.06093192
-0.012122103
-0.044535227
-0.07982373
-0.038776264
-0.0057370323
-0.018101716
-0.046102393
0.3446916
0.6532116
0.4368039
0.44599673
0.08988013
-0.5801753
0.45956638
-0.5609468
0.084199
0.24413157
0.18708542
0.020604536
-0.07667386
-0.0742137
-0.1544777
0.35531217
-0.19006722
-0.30956975
0.55033344
-0.33219123
-0.7449179
0.068002656
-0.13932402
0.5607834
-0.11315505
0.22183216
-0.15017565
-0.05075085
-0.5786043
0.17873663
-0.54495734
0.06623258
0.36723763
-0.35465026
0.37576607
0.41281477
-0.18860553
0.13602129
0.051537007
0.01912912
0.0736209
0.5106832
-0.19414955
-0.056573205
0.018366084
-0.41697603
-0.08460638
-0.3821435
-0.28933614
-0.7073364
-0.11115223
-0.031236876
0.196062
-0.15663452
0.03462102
-0.05173026
0.19346875
-0.27305704
0.3993603
-0.30732828
0.59354055
-0.2770918
0.2011358
-0.1572048
0.04246678
0.12903757
0.37267086
-0.15774994
-0.08162443
-0.27118546
-0.48446184
-0.22775456
-0.23056884
0.5769018
-0.33719695
0.077039234
-0.44364688
0.65924364
0.46207735
0.055038456
0.34322536
-0.20002367
0.49263614
0.30220398
0.2573995
-0.0020714155
0.2573269
0.21851005
-0.16256936
0.39717206
0.09224929
0.27718177
-0.25919718
-0.13087295
-0.40695992
0.17143382
-0.6425652
-0.17426388
0.35074306
0.08888811
0.5189759
0.45954987
-0.3411043
-0.04373745
-0.54720604
0.30453864
-0.07909397
0.10906414
0.25407127
-0.24337381
0.018881798
-0.40293086
-0.33093113
-0.30910796
-0.18812442
-0.5479344
0.02150833
-0.27951574
-0.060853396
0.3995016
-0.6162249
0.13737555
-0.1376496
0.18030727
0.2928575
0.09724046
0.15832645
0.48611927
0.026914274
-0.18500568
-0.017432524
-0.23197578
0.17891648
0.08674841
0.40819705
0.09971466
0.42303777
0.19722247
-0.20533638
-0.23679264
0.2156596
-0.06827343
-0.20630804
0.14843929
0.17316592
-0.07950729
-0.14021008
-0.16431034
-0.15081583
-0.26459646
-0.15756899
0.13326357
-0.2653245
0.40215182
0.14151323
0.14368692
-0.154574
0.61723495
-0.040197466
-0.018781086
-0.28757384
-0.12950246
-0.4557591
-0.16055527
0.60509545
-0.3558322
0.49749255
0.12025364
-0.050769314
0.4746921
-0.3534727
-0.27857554
0.14389716
-0.14332509
0.28763288
0.4693791
-0.023046065
0.10039165
0.01712791
-0.032422576
-0.5655158
0.062425587
0.18427013
0.24440688
0.63055766
0.100207634
-0.09307061
0.17555593
0.15989265
-0.025397211
-0.36480388
0.37057862
-0.49810892
0.10498246
-0.18702479
-0.24448378
0.39258793
-0.37380764
0.053780235
-0.31163654
0.037733566
-0.6680596
0.027618704
0.41383404
0.15816268
-0.21836357
0.04616539
-0.10835087
0.17237659
-0.44079396
-0.22910462
0.069675654
0.68518955
-0.13804886
0.4007677
0.122479714
0.2667349
-0.19406271
0.08190822
0.51043093
-0.11843737
-0.071830906
0.6162195
0.54990816
0.00095265877
0.46634308
-0.283991
0.6615346
0.44074643
0.2817494
-0.058312234
-0.11775897
-0.047414083
-0.17791152
-0.0044126473
0.11710583
-0.18986264
0.42642668
0.52977
-0.03303987
-0.03663063
0.13629419
0.21625076
-0.032530595
-0.02669683
-0.5228696
-0.42186922
-0.058449056
0.03433209
0.18277833
0.32422876
0.15040201
-0.083628885
0.7014743
0.17747106
-0.33437416
0.22017723
-0.015950207
0.053590678
-0.007283068
0.037081715
-0.04021293
-0.1346054
0.3745257
-0.18311465
-0.3497147
-0.023726497
-0.31609237
0.6254543
0.14347096
-0.049277082
0.2539948
-0.103695035
0.3695145
0.058964167
0.08114905
-0.02841669
0.14412145
-0.21941158
-0.6502579
0.0044227545
-0.1565134
0.19576034
-0.19791722
0.035711017
-0.707853
0.18017341
0.20755076
0.05790728
0.63574606
0.085344054
-0.18188848
0.30618227
-0.48904747
0.20743586
0.05079084
0.30379048
-0.08141901
-0.40579468
0.19048849
0.41233513
-0.26816168
-0.5106489
-0.0416916
-0.6017606
-0.3025023
0.14908913
-0.09203878
-0.40805486
0.14650106
-0.18498516
-0.5966696
0.1573446
0.59935415
0.163794
-0.30409637
-0.026676849
0.1411821
-0.017832793
0.05164075
-0.10568396
0.050940726
-0.3045936
-0.15227078
0.047412533
0.22572854
0.02234208
-0.013956619
0.21670727
0.22573112
0.27013254
-0.27445918
0.14104342
0.061031505
0.14144212
0.3906258
0.30952644
-0.32216433
-0.14222458
-0.03923161
0.2961683
-0.6950989
0.012273907
0.479405
-0.017755434
0.3032738
-0.010675532
-0.19213498
-0.031512816
0.0033992978
-0.23925774
0.037264585
-0.69247144
-0.35544485
-0.1567185
-0.25512412
0.16631031
0.23263316
-0.29531512
0.679941
0.19705017
-0.08786087
-0.518293
0.44312155
-0.10395985
0.7036013
-0.20551923
0.39861107
-0.029749429
0.4714366
0.25576368
0.37046763
-0.09164114
-0.301505
-0.27458692
0.15963471
0.08171449
-0.41575485
0.31747842
0.12266415
-0.20580871
-0.5554982
-0.46904415
0.037042808
-0.112943165
0.27766934
0.17854828
-0.5691546
0.31193644
0.055922795
-0.026010383
-0.23307817
0.33006072
-0.30723798
-0.039919183
-0.22438407
-0.28170672
0.12046712
0.31889403
-0.13457769
0.04697478
0.06981615
0.048814904
0.028894959
0.04145319
0.0
-0.044167455
-0.010228305
-0.042575154
0.029976148
0.056626793
0.06423576
-0.025969768
0.06512211
0.0
0.035832617
0.01626007
0.055432566
0.054785516
0.018182948
-0.10216672
-0.45447254
0.15329117
-0.1669988
-0.009136783
0.2680815
-0.17809916
0.29523972
-0.49682483
-0.2446559
-0.56783247
0.015374056
0.13163012
0.49274644
0.6756492
0.15875721
-0.50859267
-0.42534602
-0.39528584
0.52332395
-0.20433304
0.5240586
-0.45419195
-0.1522367
0.67024386
-0.0092353495
-0.54721344
0.41398978
0.69344056
0.10107377
-0.16104384
-0.40823403
-0.41106823
-0.046499852
-0.25362897
0.032189846
-0.41056818
0.10086159
-0.33963442
-0.15018296
-0.102591895
-0.62644815
-0.33557782
-0.4758149
-0.1752987
0.6780704
-0.20425913
-0.2792403
0.16895984
0.007981177
0.3584633
0.16711499
-0.38328156
-0.56503385
0.4292549
-0.13963117
0.516322
-0.32679328
0.10843663
0.37762356
-0.39278337
0.34441718
0.44887766
-0.6347779
-0.06730802
0.09605514
0.24110343
-0.3096425
-0.1849382
0.22182672
0.24357942
-0.06365315
-0.09139628
0.38012126
0.050958574
0.2132651
0.50210464
0.48900273
0.35666776
-0.2872438
0.18566939
0.29330197
0.021328913
0.03405089
-0.5615756
-0.20902124
0.59495956
0.37691382
-0.2831076
0.13699912
0.17430407
-0.540653
-0.10078953
-0.29511756
-0.05570509
0.1762693
-0.0738046
0.21065241
0.1121557
0.40306836
0.03168133
-0.31279138
0.20296301
-0.31849742
-0.47071248
-0.3462245
0.45690745
-0.47652504
-0.1514085
-0.39832774
0.13659596
0.4341221
0.109086275
-0.6200598
0.5400272
-0.13372414
0.04813851
0.17081195
-0.40168822
-0.08898771
0.27258137
0.22163878
-0.22018974
-0.31754348
-0.31612104
-0.1340283
-0.31960738
0.14760639
0.2625429
-0.17537734
0.14146242
-0.23156051
-0.22494674
-0.06958235
0.010001213
-0.27149874
-0.15445325
0.1142799
0.18831362
0.377939
-0.20992386
0.4988375
-0.034071498
-0.022246366
0.23789056
0.22692683
-0.4483951
0.26645184
-0.04299973
0.057757586
-0.25479165
0.049927387
0.48466974
-0.60622454
-0.44384775
-0.3972868
-0.3873327
-0.515843
-0.0096891
0.33075023
-0.36693746
-0.5015984
-0.12867852
0.6340193
-0.36793372
0.5309386
-0.115800455
-0.24795534
-0.0422242
0.33058292
0.3952931
-0.033586267
-0.07593986
-0.16748767
-0.41160604
-0.37431142
0.19681789
-0.5451283
0.09237744
-0.16189444
-0.15884955
0.3314513
-0.4729696
-0.35682717
0.037841838
0.18774615
-0.6326235
-0.09088675
-0.057375018
0.107284114
-0.21817264
-0.011451336
0.11350539
0.42659962
0.106086634
-0.13805765
0.44295293
0.049521975
0.18194391
0.025464289
0.18804203
0.42195395
-0.21404356
0.35489976
-0.30726933
0.12405116
-0.38618952
0.40907428
0.16154584
0.13740493
0.01683829
0.13679013
0.49666217
-0.495113
-0.005797582
0.2851359
-0.3526901
-0.34106094
-0.26884186
-0.12075735
0.05049416
-0.38002667
0.061597433
0.113485105
0.38917872
-0.18248664
-0.29069653
0.45464027
-0.456147
0.43901715
-0.35542786
-0.39004806
-0.447859
-0.22332714
0.55733997
-0.024036108
-0.21828097
0.018016387
0.5511011
0.16856205
0.21411581
0.30505484
-0.011937795
-0.33610192
0.28883478
0.22598939
0.47256228
0.37318048
-0.27173147
-0.22846666
0.5014376
0.11203339
0.28746352
0.38160673
-0.5111839
-0.51506996
0.06861565
-0.27266654
-0.31739354
0.090890415
0.23097673
-0.16006345
0.3838632
0.19740623
-0.08196397
-0.6311627
0.059126943
0.46166804
0.122567706
0.5238546
-0.09413077
-0.18697415
0.38838553
0.4608925
0.42576548
0.15705696
-0.47204727
-0.45735934
-0.48882297
-0.21845211
0.29256004
-0.2376876
0.05421072
0.011575253
0.29118896
-0.20309699
-0.24059314
0.3217576
0.2581122
-0.07002049
0.35222664
0.41854066
0.21775557
0.38127506
0.2721498
0.10031099
-0.42451566
0.05960365
0.20102425
0.107282095
-0.5023605
0.20679995
-0.7427694
0.36697325
-0.032971893
0.014433008
-0.46136034
0.21775775
-0.45307022
0.1926682
-0.437322
-0.052558493
-0.019970793
-0.14719036
-0.5401999
0.35273457
-0.29459885
0.36660737
-0.112287425
0.046353847
-0.35996896
0.5723096
0.20640615
0.05608406
-0.09813659
-0.60507935
0.6909838
-0.33729166
0.30724287
-0.35631707
0.58469194
-0.62010187
-0.18885832
0.0039421963
0.4825365
-0.0999554
0.41625637
-0.08593279
0.05950523
0.4025685
-0.17620826
0.11575431
-0.03020828
-0.01653993
-0.30862173
0.5292905
0.30702353
-0.19518481
0.2170994
0.38590896
-0.23198141
-0.1126538
-0.44745934
-0.01246031
0.26872513
0.3645618
0.08551573
-0.42031926
-0.12852657
0.01444875
-0.23945278
0.6465498
-0.031033026
0.14006057
0.6674983
-0.38313302
-0.19778472
0.31753877
-0.48109052
0.0177368
-0.24986733
0.21897314
0.0053974236
-0.25483292
0.35165063
0.71819526
-0.56977695
-0.06749419
-0.30166495
0.06422118
-0.5811329
-0.024549846
0.1459923
-0.5015519
0.10440167
0.4256915
0.44729295
0.21350904
0.4586486
-0.1657325
-0.59454226
-0.01790348
0.23023726
0.39950964
-0.068901405
-0.29655716
-0.07222917
-0.06586614
-0.40953723
-0.04219295
0.0
0.044016447
0.04578834
-0.012130059
0.04309684
0.04763155
0.0
0.050991405
-0.004863358
0.05829697
-0.024481058
0.00942811
0.030155402
-0.047230586
0.047342606
0.048193723
0.026327908
-0.024754755
-0.027585637
0.043217413
-0.43949902
0.5228613
-0.557125
0.11891863
-0.08343318
-0.10903671
0.05542744
-0.17512426
0.15484457
0.471748
-0.4723851
0.50618386
0.51899433
-0.16006109
-0.015348852
-0.5759387
-0.19889648
0.28984588
0.25627103
0.42573586
0.47032306
-0.011199757
-0.07671469
0.0027231018
0.2169722
0.46914572
0.27486166
-0.0012495103
0.062025096
0.31852794
-0.2529602
-0.23191299
0.053098317
-0.46660155
-0.45211065
-0.3805886
0.24237168
-0.36690438
0.0659127
0.2919184
0.57946783
0.106520124
0.0075974506
0.37320203
0.3243918
0.1227489
-0.18916798
0.012385443
-0.27874246
-0.09880517
-0.49338922
-0.5146293
0.100000456
-0.46274948
-0.21153395
0.19784781
0.5177102
0.02648365
-0.5496949
-0.16696678
0.43641478
0.47092813
-0.35462588
0.37376547
0.031405527
-0.40317547
-0.085103415
-0.1687793
-0.13988061
-0.15204756
0.56949794
-0.25966433
0.34412634
-0.24726844
-0.20571057
-0.0011722893
0.19929087
0.41751269
-0.35357547
-0.15818821
0.25100583
0.43260437
0.30636618
0.30780107
-0.24027011
-0.13416572
-0.032275666
0.1699022
-0.043334536
0.27623773
0.490849
0.06986956
0.32174978
-0.7104458
0.3986444
-0.05635871
-0.13160971
-0.42634025
-0.19522507
-0.51229435
-0.23771329
-0.07286304
-0.049903944
0.56255776
-0.22463188
0.7396114
-0.2118239
-0.028918855
-0.561764
0.24226078
-0.3171486
-0.053238142
0.12387398
-0.4015596
-0.09080609
0.205442
0.06316986
0.037242364
0.5726364
-0.22608589
0.07881691
0.096227705
-0.21923134
-0.24948499
-0.19510457
-0.4575842
0.4816247
-0.39310873
0.2912719
-0.33878195
0.48558977
-0.37016165
0.40397304
-0.08644342
0.31587785
-0.20120223
-0.19819963
-0.5756124
0.29781094
-0.3729748
0.22411647
0.14232059
0.34242705
0.097890645
0.37311655
0.080883086
-0.23003185
-0.075549774
0.05924779
0.32614523
-0.42105576
0.07062959
-0.59564006
0.33699515
0.2861561
-0.12765113
0.36223263
0.13850763
0.16429035
0.5023106
0.5090988
-0.27730948
0.11965839
-0.44750395
0.0143993
0.010574771
-0.33535632
-0.20773287
0.4695205
0.062087078
0.48672608
-0.23541066
-0.088431165
0.51276165
0.27452067
-0.15695979
-0.31565797
0.3183835
0.06533093
0.09137598
0.054822057
0.09168324
0.7017909
-0.3767503
-0.6186013
-0.36501774
0.08420406
0.3606245
-0.6856489
-0.6539899
-0.44213393
0.66558194
0.3267898
0.5674739
0.020172026
-0.4023279
0.10628504
-0.07921607
0.46562207
0.61812335
0.15703195
-0.27542946
0.1128389
-0.17962228
-0.12604879
0.018010858
0.607279
-0.107070945
0.099774785
0.30644718
0.288479
-0.02359789
-0.27281302
-0.16676581
-0.33917356
0.086629525
-0.66353786
-0.1294591
-0.48053038
-0.11939781
-0.12609302
0.020366574
0.12606561
0.47702965
0.006950197
-0.09615665
-0.6637957
0.54514617
-0.3281591
0.08026725
-0.25160322
-0.056498345
0.65402925
0.23637739
0.024123609
0.5449737
-0.15368778
-0.42994732
-0.4589497
0.023531232
0.43944436
0.6690838
0.035640027
-0.14957358
0.557496
0.100341015
0.080322415
0.19698155
0.6280241
-0.099122
-0.26081982
0.07568732
0.26195976
0.1786357
0.031611495
-0.04028781
-0.11815758
-0.045970675
-0.49221116
-0.55513024
-0.5411507
0.20485638
-0.31288627
0.41775063
0.057588577
-0.029306935
0.048757464
-0.04006198
-0.41831627
-0.02783296
0.17052884
0.057497885
0.065061934
-0.5825327
0.28885588
0.38963977
-0.4571061
0.15714756
-0.3062393
-0.35928196
0.19530237
0.3278822
0.4015067
-0.11159378
-0.42517188
0.3005469
-0.2414641
0.37555176
-0.4635883
0.19420916
-0.2271519
-0.09236722
0.56493086
-0.47629473
-0.35841256
0.06487313
0.459746
0.40830186
-0.69996077
0.17602322
0.19449525
-0.04213384
0.07891855
0.07754773
0.21457733
0.15760607
-0.22738789
0.4020714
-0.5317593
0.25213945
0.2629446
0.10914834
-0.26108244
0.38390753
-0.13842204
0.13104323
0.37435043
0.18975702
-0.23129375
0.1455502
-0.14917324
-0.47465968
0.3557633
0.37457156
0.42543745
0.20918012
-0.43599904
0.52830744
-0.022255974
0.21781358
-0.17540492
-0.5726375
-0.16409527
0.4351956
-0.15190707
0.2224967
-0.15149659
-0.6202862
-0.094831176
-0.07515273
-0.3032176
-0.26298618
-0.18910472
0.15685974
0.661254
0.3178669
-0.17732053
0.12923796
-0.047067437
-0.41877598
-0.34714907
-0.23159683
-0.22445017
0.21461427
0.053085644
0.6939622
-0.16374351
0.059233993
-0.26746044
0.660733
0.17094788
-0.30072927
-0.18154
-0.32057437
0.5190157
-0.18274572
0.380767
0.079619884
0.4325871
0.0144744115
0.08110729
-0.22642958
0.08992735
0.03426179
0.06334609
0.009393029
-0.044272654
-0.5862341
0.50350887
-0.2692554
-0.25481522
-0.29148465
0.6868181
0.3178239
-0.00718077
-0.29525223
-0.7023662
0.7445912
0.05121175
-0.14481726
-0.5086834
0.3086941
-0.36680537
-0.52533203
0.3099837
-0.28235045
0.046407122
-0.24093509
0.032804724
0.40737405
0.06253884
0.040979527
0.04063631
0.042068347
-0.05914495
0.04415136
-0.026000176
0.04230032
0.0
0.045739703
0.015837463
0.07512956
0.049007587
0.0
-0.026678085
0.041346952
0.04542513
0.058816362
0.022268252
0.063834935
-0.554267
-0.081424594
-0.3252564
0.14174931
0.43852618
0.3756515
0.037258137
0.17679365
-0.45724815
0.08815321
-0.49491996
-0.36338925
0.771989
-0.45307565
0.42832613
-0.034076843
-0.23915829
0.7689447
0.19626594
0.15595752
0.13997912
0.3585398
0.078308314
-0.32945442
-0.09725705
-0.4697705
0.47932798
-0.3953936
-0.029576778
0.1970513
0.2815429
0.3399715
0.17140919
0.019100625
-0.118976615
-0.38323632
0.35664314
-0.21373081
-0.38844544
0.37013113
-0.29286987
-0.4081354
0.34550253
0.34500688
-0.002790532
0.38469067
-0.109770104
-0.097644
0.38460255
-0.17307681
-0.16897689
0.091792546
0.22885616
-0.11368656
0.419334
-0.4995363
-0.07209679
-0.31701866
0.16407204
-0.24013574
-0.35818774
-0.02504217
0.04313218
0.37086615
-0.43058747
0.37722448
-0.06845936
-0.139955
0.20883285
0.20554315
-0.47133192
-0.17804469
0.50929
0.50059843
-0.27189887
-0.030125484
0.25597844
0.44947422
0.039789528
-0.17088342
-0.4393781
0.41463986
0.4624037
-0.094452254
-0.20375642
0.4445165
0.24330479
0.36734933
-0.38227862
0.47829598
-0.20715383
0.055783313
0.39526194
0.058701325
0.29009077
0.49098155
-0.23272327
0.51379395
0.09192319
0.19827487
0.09174268
0.4349923
-0.44067967
0.04162308
-0.00940267
