-0.47287336
0.37963557
-1.3258415
0.2978205
1.1862171
0.71344477
0.4602041
-0.8455379
0.3250798
-0.30791575
-0.78982985
-0.039065253
0.12218084
0.28489047
-0.7921648
-0.32432088
0.4101559
0.24262947
0.84062994
0.41610634
-1.1007321
0.12534595
0.91449577
-0.014103955
0.9287108
1.0510677
0.03401548
1.3828086
-0.7075296
-0.17202282
-1.063452
1.0076643
-1.3644155
-0.36413833
-0.16622071
-0.6618044
-0.14997861
-0.3040325
-0.23850885
-0.9926969
-1.0319421
-0.5718797
-0.07851876
-0.15969734
0.512863
0.5770384
-1.4794775
0.4283793
-0.08389965
0.15796474
-0.94603646
-0.13975057
0.32546017
-0.5703349
-0.09474213
0.532223
0.7237452
0.4871915
-1.1743661
0.5988745
0.32146037
0.6716188
-0.558267
0.9547588
0.37542
0.31838727
-1.3934978
0.5979196
-0.17685293
0.060570695
0.17029458
0.68663526
-1.1938536
-0.5135852
-0.47233856
-0.06258538
-0.64682734
-0.101086415
-1.0445429
1.584914
-0.070697315
0.032021318
0.0
-0.019348374
0.048377708
-0.013825593
0.0
0.0747434
0.0017586227
-0.038627215
0.013470201
0.012116828
0.021725329
0.0
0.0
0.030447397
0.014466569
0.06019543
0.0
0.021513505
-0.20880957
-0.03418626
0.16620539
0.23831114
-0.3792401
0.44553038
-0.13179965
-0.32334566
0.4332851
-0.4318217
0.51198953
0.303031
0.11565432
-0.13193716
0.083473295
0.27681947
-0.62772435
0.17706493
0.14204213
-0.25323954
-0.30440083
0.40521204
-0.17349432
-0.09014067
-0.13264687
-0.55267656
0.16852508
0.41161108
-0.6030809
0.026670484
0.18697937
-0.35482258
0.5368941
0.006557935
-0.05679498
-0.20935181
-0.026516907
0.25716904
-0.51497793
0.3026121
-0.17539282
-0.2811377
-0.7107418
0.45135692
0.44721097
-0.6073052
-0.21192966
-0.22815138
0.50394064
-0.42281368
0.25808698
0.119260676
-0.1639006
0.11335278
-0.35438642
0.056542013
-0.45852533
0.011839691
0.068465754
-0.33729747
0.16553345
-0.07247933
0.08510533
-0.38187623
-0.1635757
-0.3907168
0.4044871
0.10317236
0.50051206
0.4603655
-0.22045861
0.33555022
0.42485082
0.006861893
-0.2011218
0.0033617688
-0.12597097
0.028504081
0.17381069
-0.65577
-0.22767845
-0.46509618
0.16913022
0.065068156
0.37549552
-0.13620664
-0.3219967
0.5255257
-0.2451855
-0.29804817
0.41188765
-0.23316614
0.27667928
0.08715832
0.33260295
0.26677558
0.24742523
-0.0584064
-0.2633599
0.22609727
0.07255037
0.52479345
0.11834673
0.04216595
-0.34263232
0.73142904
-0.043901145
0.08189402
-0.17531195
-0.58608395
-0.16400467
-0.61527216
-0.051980615
-0.10299331
0.27468312
0.43204805
-0.4014917
-0.27687776
0.056214165
-0.3239114
0.2920051
0.32099462
0.20564482
-0.060369812
-0.2935331
0.32647148
-0.015493941
0.14425766
0.28503582
0.4297363
0.07831984
-0.022025056
0.42780006
0.10594958
-0.22655702
-0.4151519
0.3602078
-0.31559283
-0.33569688
-0.46467894
-0.08331
-0.022244018
0.2626842
-0.045720283
0.28813624
-0.18773648
-0.08865733
0.20172815
0.22486901
-0.14430149
0.21893029
0.5711185
-0.60992396
0.094700284
0.352794
-0.01781964
-0.1125637
0.26383722
0.107738204
-0.332884
0.41769117
0.3309215
0.05209632
-0.19219314
0.38402206
0.115232006
-0.02052515
-0.3432608
0.10015561
0.0003648894
-0.037068002
-0.05424125
0.40396816
-0.22217754
-0.24999337
0.3415233
-0.22161707
-0.32131153
-0.45255324
0.18138497
0.5856188
0.051996086
-0.12321961
-0.48948905
0.4329274
-0.06757341
-0.21123156
-0.4680135
-0.06629868
0.49653876
-0.2023875
0.25424027
0.05278943
0.038637664
-0.012367722
0.42893064
0.07264901
0.09902901
-0.025183357
0.51297617
0.16348392
-0.028732592
-0.15943737
0.34347424
0.21270314
-0.22031753
0.49830598
-0.2667958
0.1255233
0.4234362
0.48918483
-0.21473187
0.48527497
0.6859519
0.6768284
-0.3315187
-0.19025587
-0.1822385
0.19398326
0.21416983
-0.36196098
0.14664069
-0.083988905
0.1761008
0.07770778
-0.015334099
0.20226619
-0.47551826
-0.16807167
0.24043697
-0.38030717
-0.05517106
0.33139387
0.5949026
0.1060462
-0.25734234
0.068118
0.45366195
0.1748961
-0.11758217
-0.08768942
-0.011409206
0.09281677
0.0064867437
0.6801347
-0.6440676
-0.52286184
-0.09060286
-0.5708733
0.16994289
0.2390772
0.17853498
0.68085897
-0.12770931
-0.14838512
-0.3327677
-0.29885405
0.015098904
-0.041788988
-0.36489856
-0.011775426
0.26742753
-0.56885976
-0.099495515
-0.10491535
0.061464395
-0.3802529
-0.0993354
-0.28441778
-0.4372296
0.23239876
-0.37297982
0.117976375
-0.21239956
0.01571656
0.3624053
-0.1353445
0.1343468
-0.25516993
0.41476792
0.55075395
-0.033856206
-0.08794121
0.6871397
0.2897882
0.19817734
0.1641916
-0.045409463
-0.64763033
-0.21360292
0.47664264
0.43640748
0.030343188
-0.11033679
0.14598048
-0.2532374
0.4664149
0.1076252
-0.18742003
-0.092723936
0.1070457
0.048320137
0.25482586
0.14178036
-0.41366193
-0.031422704
-0.6679985
0.47275975
-0.30523652
-0.30860853
-0.16797908
-0.18596865
-0.055707708
-0.18318708
-0.04567872
0.030292077
-0.39850184
0.51180714
0.46026567
0.11241136
-0.04956565
0.26801276
0.39126214
-0.30922157
-0.36820287
-0.0075521474
-0.36895013
-0.09686943
-0.14164038
0.3974436
0.29013526
0.3418552
0.15558675
-0.037858214
0.028556248
0.34431776
-0.2839761
0.45497173
-0.145508
0.12357189
-0.13152952
0.01663616
0.24676709
-0.2913962
-0.055336703
0.26466346
0.69551635
-0.59713566
-0.15837114
0.23304169
0.5751244
-0.1452955
-0.24718341
0.33268157
0.14756821
0.61747146
-0.33991322
0.37900126
0.30261523
-0.108949006
-0.054739475
0.404215
0.23868197
0.07168357
0.23204078
0.47949338
0.20731606
-0.29563013
-0.20099361
-0.22099635
-0.011491093
-0.14000258
0.38897282
0.69163847
-0.048936024
0.56572056
-0.3758415
-0.10220306
-0.27862668
-0.35163444
-0.34008053
-0.4853432
-0.09682232
-0.06903697
0.28447893
-0.0052598524
-0.024359122
0.24982801
-0.213092
0.44383022
0.7197473
-0.41055226
-0.26376557
0.46981877
-0.0026702613
-0.4326105
-0.31508344
-0.32745555
0.39116585
-0.13953067
0.0
-0.004566816
0.044570424
0.0
0.04239037
0.009391878
0.045325868
0.036204312
0.0
0.0024906418
0.033454698
0.0
-0.0036209936
0.028597804
0.035525456
0.05212374
0.0
0.10813626
-0.017105231
0.0
-0.57027185
0.546616
-0.08155524
0.26386383
-0.36930442
-0.1912761
-0.02616417
0.19995727
-0.48199952
0.17193013
-0.31389153
0.20154688
0.5119794
0.1278147
0.379647
0.18528382
0.23892868
-0.46240687
-0.18537605
0.07771809
0.6549923
0.091234915
0.028273776
0.10548775
-0.01304501
0.017390896
-0.15981102
-0.07143085
0.46406105
-0.3058786
-0.42467028
0.16431889
0.039041005
-0.20478383
-0.29366535
0.22605869
0.24682015
0.32395917
0.1558881
0.3546935
0.12920839
0.17353962
0.27906775
0.08141494
0.34246597
0.5240558
-0.2019614
-0.117552646
-0.25812647
0.6468086
0.07319326
-0.012409567
0.19644499
-0.28847224
0.111239396
0.048892383
0.46639308
-0.24975549
0.4991806
0.37855086
-0.06711487
0.32983643
0.63393897
0.11266253
0.014305825
-0.164244
-0.3406956
0.05538801
-0.0949978
0.12971571
-0.0285168
-0.3466413
-0.295403
-0.16632637
-0.026225371
0.07551796
-0.07244637
0.087596655
0.055482138
-0.21364178
-0.40112123
0.17039075
0.40201706
-0.5147473
0.27113008
-0.027026802
-0.26986322
0.26612937
-0.42263296
-0.2122958
0.25347418
-0.48051643
-0.47694328
0.0678468
0.07503526
-0.51688564
0.53132194
0.28714612
-0.16507573
0.12768336
0.41023305
-0.29474086
0.5312443
-0.18106064
-0.36747462
0.16738182
0.07379894
-0.2627767
-0.09744438
-0.29513273
-0.09033234
-0.3058344
-0.52749646
0.59612626
-0.15029076
-0.11907778
0.04853092
0.27782738
-0.4513124
-0.09731456
-0.56750506
0.5278284
0.10305831
0.15994546
0.6777963
-0.315636
0.68229944
-0.056582548
0.45184523
0.4975622
-0.10527804
0.16265377
0.22694513
-0.03167113
0.1763448
0.18748903
-0.15428385
0.27836597
-0.3551597
0.3016413
-0.58274156
0.14675583
0.4455168
0.23508774
-0.16237305
-0.2556655
-0.21569756
0.2797073
-0.3816703
0.25020278
-0.025860954
0.12416732
-0.430812
0.2634699
0.25654975
-0.2002321
0.57470155
-0.025128933
0.089644626
-0.27252293
0.1872045
0.4422919
0.26847386
-0.2582927
-0.2935234
0.49401328
0.068273045
-0.014392081
0.5113948
-0.23951504
-0.41042772
0.27431834
0.5575609
0.21867143
-0.19809152
0.3549913
0.2517189
0.26633477
0.28697157
-0.40769792
0.23076676
0.34073204
0.18065062
0.22477365
0.595302
-0.61086977
-0.41932327
0.53622806
0.16224872
0.041771922
-0.40348387
0.13205436
-0.32079834
-0.37001318
-0.12601875
0.65536493
-0.015335485
0.19251433
0.5062803
0.63034654
0.10430319
-0.24568927
-0.49988404
0.28292918
0.6040797
0.46402803
-0.34786457
-0.6617637
-0.19536477
-0.057257865
-0.1668924
-0.19339791
0.20244232
-0.01862855
-0.31703535
-0.08279815
0.24727933
0.3193973
0.16065161
-0.30769905
-0.35430384
-0.47301376
-0.16831036
0.30925068
0.01859821
0.31494308
0.33526686
-0.2592292
-0.037772268
-0.37506825
0.44610587
0.21350719
-0.055751316
-0.62939614
0.23185956
-0.046302993
0.16725588
0.45284265
0.40325874
0.3025588
0.6391829
-0.77776307
-0.24556431
-0.14707878
-0.53049976
0.5845872
0.16851005
-0.12742975
0.4799767
0.5918518
0.44093165
-0.26523414
-0.37667596
0.00464112
0.73946685
0.46043175
-0.36995634
-0.11204047
0.016732005
0.20526312
-0.1919743
0.30143318
-0.040825043
-0.5349263
0.23608878
-0.301202
-0.5553392
-0.46324152
-0.03105765
0.3102965
0.33516726
0.07412684
-0.026949938
0.2213184
0.07045805
0.6636262
-0.057905447
0.03623537
-0.13802844
-0.023033984
0.43748033
0.45380822
0.5281191
0.42412183
0.051720563
0.50507474
-0.18937387
0.42684856
0.3931796
-0.044435725
0.24157943
-0.12543961
-0.25684983
-0.1312863
0.09114478
0.3772561
0.38110927
0.15665923
-0.44106007
-0.3385578
-0.4535266
0.0669495
0.21520154
0.2521779
-0.36890766
0.7770974
0.27066997
0.35768527
-0.22089869
-0.29526627
0.07352495
0.017421357
0.13906668
0.56993246
-0.024591854
0.12122544
0.336473
-0.11153212
0.45188895
0.29000396
-0.04643731
-0.03668158
-0.26777896
-0.29242805
0.6133939
0.3805908
-1.1483934e-05
-0.23568964
-0.22334339
0.489827
-0.25912738
0.059627037
0.5046968
-0.053778898
-0.36312342
-0.057527654
0.34491873
0.36768836
-0.026837107
0.02523405
-0.6277729
-0.3678687
0.049291708
-0.43674406
0.45108414
0.49403036
-0.21521945
-0.12719171
-0.33923954
-0.10243904
-0.05097883
-0.5387835
0.3164274
0.30392224
0.3460407
-0.16224976
0.4424718
0.30931216
-0.093701966
-0.47928706
-0.5368669
0.21311334
-0.22890322
-0.33575723
-0.115576066
0.15472522
-0.5403229
-0.06542959
0.31689993
-0.3333993
-0.38286555
0.57264507
-0.4762593
0.6176999
0.56148994
-0.6853326
-0.46191493
0.21659747
0.26097944
-0.14058559
-0.42304316
0.20860152
-0.11021982
-0.46572274
0.122524224
0.3135706
0.27194333
-0.082252435
0.2726558
-0.35635012
-0.28922233
0.37400702
-0.2459722
-0.56190264
0.33957633
-0.40715784
0.3076316
-0.010426861
0.6919621
-0.117932044
0.013787563
-0.02686908
0.03838935
-0.039453898
0.0289159
0.028260954
0.0
0.0
-0.0010004198
-0.035569083
0.033652093
-0.0034755764
-0.028552245
0.03211513
0.03819637
-0.005575717
0.037765224
0.02593428
-0.034400094
0.0
-0.047097858
-0.3189064
0.18937244
0.32422867
-0.50931674
-0.23799925
0.4426686
0.15271112
-0.43584508
0.21545874
0.060752932
-0.2176231
0.4631378
-0.19293144
-0.63582176
0.062835924
0.1359605
0.38561916
0.38955414
0.14973055
0.6807465
-0.29406565
0.026826225
-0.3168004
0.57920057
0.07750074
-0.0016119857
0.5284145
0.16272147
-0.10802243
-0.09434106
0.4221617
0.08102557
0.13065584
0.1072143
0.07073231
0.2951959
0.35453334
-0.2555279
0.37129217
-0.6256557
-0.48455545
0.36218643
0.26799417
-0.40415242
0.52979875
0.1692243
-0.33681217
0.255559
-0.18096088
0.39886054
0.34828928
0.39730743
0.1689749
0.6102527
0.37568533
0.25971183
-0.14252354
-0.41156697
0.17301162
0.24425839
-0.59730947
0.22066696
0.65790784
-0.23066129
0.25273302
-0.15600017
-0.11390429
0.10498556
0.23935036
-0.26206216
-0.7373491
-0.048904505
-0.011538487
0.14579445
0.3103635
0.25281292
-0.075211994
-0.19377108
-0.34212697
-0.30114815
-0.09160542
0.6017478
0.14291464
0.27119884
-0.2084619
0.35464764
0.29186094
-0.2795954
0.13516818
0.06072143
-0.07325321
-0.6442446
0.30753827
0.323571
0.28075007
0.37021273
0.06900951
0.4873632
-0.19662373
0.20101015
-0.29747477
-0.025731705
-0.31774145
-0.040606406
0.40932044
0.6747251
0.18151541
0.107331984
0.06982788
-0.20244437
0.04205216
0.36814854
-0.67667025
-0.60630524
-0.5014263
-0.27504918
-0.27206594
0.16233356
0.5677786
0.38529837
-0.5651425
-0.38904458
0.1472811
-0.118845955
0.4474194
0.5032671
0.67198277
0.073730655
-0.008735535
-0.0072464775
0.14292857
-0.46974102
-0.08446366
0.04826327
-0.41020247
-0.28610373
0.24625996
-0.24977021
0.16075118
0.16769814
0.18561538
-0.5976929
0.48456445
-0.2621117
0.08545694
0.4031991
0.023886185
0.22519761
0.31449652
0.15894678
-0.13739628
-0.19985068
-0.16024496
-0.3277986
-0.017096184
-0.6691774
-0.19814147
0.25687963
0.25256687
-0.3237378
0.0017234328
-0.34879613
-0.4326647
0.35991102
-0.087301835
-0.51310474
-0.32235497
-0.52828854
-0.2735937
0.082293406
-0.24341486
0.11233678
0.11122188
-0.30150592
0.19438651
-0.60939544
-0.013573929
0.32585418
-0.07894955
0.40508792
-0.032195315
0.14147814
0.49578506
0.14803965
0.070689455
-0.026221085
-0.24879725
-0.016623847
0.2095296
-0.28554627
0.19380529
-0.44985262
0.4149059
0.6788349
-0.28758103
-0.626688
0.3522594
-0.17911348
0.17048404
0.24167977
-0.55493057
-0.4967959
-0.36155927
-0.55596197
-0.10831397
-0.05087624
-0.1563687
-0.18258372
-0.014015269
-0.18175028
0.27452576
0.35295925
-0.16074856
0.4487862
0.49039862
0.12509856
0.16350354
-0.41534525
0.06425117
-0.6863612
0.05056887
0.22013827
0.28398922
-0.0008042274
0.18454885
-0.43677124
-0.32673702
-0.13164006
0.21237457
0.44561663
-0.23146185
-0.40236965
0.31617054
0.3924304
-0.03478649
-0.047645755
0.44536132
-0.58754635
0.009445051
-0.3640403
0.46227035
-0.16225266
0.1598479
-0.35180596
-0.17137712
-0.25063124
-0.32402351
-0.021587783
0.0408303
-0.40618947
-0.076574065
0.17228325
-0.35112062
-0.29968667
0.41727415
-0.21276414
0.23228803
-0.51721656
-0.4602344
0.46630028
0.30118552
0.6818344
0.312492
0.05438995
0.07511484
-0.33577102
0.40733632
-0.19517644
0.52703375
-0.35229352
0.10593541
-0.21842602
0.09130727
-0.07483379
-0.17409159
0.14805101
-0.24927959
0.65736985
-0.14618036
-0.46090057
0.41341555
-0.26645193
0.08184541
-0.26797804
-0.18480061
-0.24840374
-0.4517642
-0.01653596
0.19206415
-0.15762325
-0.4806747
0.14978544
0.4424964
-0.25533247
0.21148533
0.07324299
0.19221608
0.6599139
0.22330101
-0.114619814
0.027188554
-0.49688745
-0.49427214
0.16061246
-0.19109206
-0.24098593
0.55845
-0.21228206
-0.66920173
0.42088592
-0.71991944
0.18633045
0.1116098
-0.29766285
-0.5723404
-0.12252197
-0.05070216
-0.06998194
-0.46815944
-0.55111754
-0.18721536
0.040231805
0.00092827424
-0.13825512
0.47210628
-0.051623255
0.3917398
-0.35120025
0.26270247
0.545511
-0.27928412
-0.3485004
0.3395102
-0.21548182
-0.13787583
-0.039204013
0.3183067
0.2672843
0.36977684
-0.30940518
-0.18075472
-0.075901814
-0.19248123
0.029141605
-0.23776896
-0.074333124
0.42644587
-0.10542483
-0.36970654
0.24661332
0.2961327
-0.21167843
0.045191173
0.5716458
0.29529572
-0.4627164
0.092416555
-0.27931252
-0.03393566
0.5041797
0.03435169
0.24036524
-0.4152376
-0.35563073
0.069810845
0.519228
-0.38969526
-0.1778513
0.019736685
-0.25326416
-0.14060493
-0.7093446
0.03336041
-0.098733
0.09622693
-0.08759899
0.21112373
-0.3459012
0.090020135
-0.034042537
0.29770294
0.14292683
0.34902665
-0.11892946
-0.41057584
-0.56801337
-0.009923318
0.19076599
0.08937274
-0.0042126426
0.5661388
-0.51715744
-0.005517074
0.59951484
-0.04179905
-0.2873505
0.3796501
-0.098691896
0.01573341
-0.028351
-0.0025483936
0.02444036
-0.027860936
-0.039281756
-0.02863133
0.03335728
0.03449203
0.0
0.028081225
0.035137743
-0.038803227
0.0
0.04114791
-0.035052225
0.034045782
-0.048262637
0.014449511
0.0381346
0.03417867
0.3310409
-0.39510643
-0.46650258
0.52210104
0.23752186
-0.072999045
-0.59660786
0.31303796
0.21712756
-0.32409763
0.30367503
0.25229603
0.009175837
0.57840604
0.004078657
0.38644665
0.3851929
0.48927346
0.33643007
-0.5538976
-0.055119865
0.15252444
-0.23455976
-0.21799845
-0.26566058
-0.5082195
-0.09744186
0.41122907
-0.08214068
-0.22299291
-0.114285044
0.30107313
-0.010410853
0.25806105
0.094164655
-0.32315445
0.42086115
0.008511603
-0.14680418
-0.23356518
0.09535461
0.0930829
0.37205464
-0.18912981
-0.25967827
0.0104551315
-0.03940779
0.47265637
0.5333194
-0.08568436
-0.17104764
0.54054904
0.4918419
0.42786655
-0.3396123
-0.33409792
-0.063960426
0.2251213
0.41724646
0.30910718
0.39868936
-0.026859902
0.04360254
-0.25259036
-0.22046648
0.43362296
0.23796237
0.4486522
0.34490526
-0.028534956
-0.28013414
-0.097350106
0.19555306
0.19542904
0.39343858
0.40987596
-0.4068311
-0.087985255
-0.47935888
0.51623255
0.48555452
0.5172091
-0.20535219
-0.0629911
0.19191119
0.23173739
0.43106344
0.52176994
0.18213463
0.2176519
-0.1605846
0.14369364
-0.31709653
-0.2691865
-0.13220792
-0.13256013
-0.38325995
0.47306457
-0.49152103
0.2585389
0.48603386
-0.20911549
0.19887556
0.020792892
-0.01906392
