1.4015684
-1.0928932
-0.11686413
0.34842792
-1.5461988
-0.29506916
0.88395905
1.0405587
-0.12462672
1.308547
0.033496004
-0.36806932
-0.40129095
-0.8771155
0.32227296
-0.034408536
1.0491836
-0.2684572
-0.47322118
-1.3832781
-1.5635812
-0.9069896
-0.82156426
0.49483302
-0.60310376
-1.5884422
-0.8492191
0.35291162
-0.27303344
0.6713964
-0.60271895
-0.16278566
-0.026717002
0.19834132
0.43993244
0.81380546
0.65270674
1.5121602
0.48508775
-0.26214468
-0.54207194
-0.095745765
-0.5068704
1.1639295
-1.3412141
1.1296914
1.0584382
0.6056928
0.3539023
0.49104965
0.07350884
0.047452655
1.0212653
0.2975428
0.45325172
0.5648731
-0.2148573
-1.392417
-0.40300772
-0.30914724
-1.5695798
-1.2846947
1.1620728
0.037744198
-1.5535971
-0.9415748
0.5466603
-0.74754333
1.308182
0.77050894
0.2514268
0.680067
-0.5901688
-0.089059934
-0.30902112
-0.6839665
-0.4846225
-0.33220446
0.22606228
0.34975892
0.025921715
0.0
0.03931556
0.08166607
0.0
0.0604971
-0.024615038
0.05737212
-0.016604254
0.056182712
-0.054139573
0.07945198
-0.014485055
-0.010540329
0.056984153
0.07489597
0.03173639
0.0
-0.036699846
-0.07332326
-0.06950516
-0.22198772
-0.03330474
0.51488966
-0.40223062
-0.071228705
0.076222315
-0.11499649
0.49844393
-0.27704233
0.07109922
0.36165252
-0.11176913
-0.048332807
0.06878768
-0.14463085
-0.004167337
0.50655425
0.4013376
-0.59791577
-0.24711335
0.10104157
0.12269998
0.22839916
-0.2728973
0.023980584
0.30376053
0.34980318
-0.114093356
-0.16998933
-0.09426207
-0.13202961
-0.18036298
-0.37384352
0.32937562
0.43100217
0.18026257
-0.38130748
0.5333808
-0.1377373
0.09784745
0.52836996
0.6274761
-0.48444816
-0.12669177
0.085328616
0.5322399
0.47408143
-0.12652332
-0.15372282
-0.30804312
-0.3611132
-0.21381487
-0.08953582
0.5279272
0.28781524
0.5584541
-0.06305683
-0.041507974
-0.3258088
-0.48683178
-0.07414045
-0.11294745
0.0010665829
0.07789581
-0.47917393
-0.35860246
0.35774484
0.16014811
0.37169686
0.293528
0.17855959
-0.08221659
0.093265474
-0.073069565
0.39864156
0.100524604
-0.16410236
0.7364988
0.38152203
0.0038003263
0.2668124
-0.59316975
-0.13736874
0.21378624
-0.20319556
0.023270264
-0.013895662
-0.036325183
-0.067617886
0.12581548
0.40879735
-0.08086157
0.5926125
-0.09557057
0.18114042
0.5205373
0.48066145
0.11803586
0.36710864
0.40693605
0.2147782
-0.7111016
-0.41582164
0.08663589
0.12617211
0.033708688
-0.092014454
-0.21453449
0.3492558
-0.028681226
0.2662272
0.05043963
-0.092056766
-0.50351375
-0.14267616
-0.0916683
0.30686823
0.25668085
-0.48151374
0.35317394
-0.12728031
0.1214327
-0.12033788
-0.17214781
0.2129312
0.35016614
-0.27880165
0.050188653
-0.115382135
-0.10500214
0.29970753
0.010142712
-0.33890113
0.2783796
-0.18362182
-0.20667334
0.10574898
0.064378545
0.399063
0.118022114
-0.08102603
0.42655402
0.2907157
0.2536531
0.28125176
0.31048813
0.41962588
0.0675583
0.29287654
0.5714956
-0.22136378
0.1630566
-0.09732742
0.06336589
0.0821386
-0.15650398
0.028043186
-0.10953864
-0.2841182
0.21543469
-0.33955073
-0.079547465
0.357638
0.2995959
-0.5049827
0.15181997
-0.50395817
-0.31003147
-0.17055787
-0.13920885
0.34842882
-0.18228021
-0.24139872
-0.16847126
0.12616304
0.19757849
0.26621008
0.17016117
0.4420542
0.6587585
-0.33464488
0.08513986
-0.2819204
0.4521346
0.2777112
0.023913814
0.18359785
-0.31970957
0.66062933
0.16010652
-0.34631452
0.18255128
-0.091916695
-0.365139
-0.16412693
-0.098835275
0.4656603
-0.23132932
0.11984824
-0.3117171
-0.3399945
0.16581202
-0.13388899
0.48376885
-0.11255801
-0.27971897
-0.12270965
-0.21561168
0.041994877
-0.5613373
0.1554759
0.013710006
-0.12237366
-0.01327319
0.1020545
0.18138364
0.039455034
-0.3299693
0.22086617
-0.10985751
0.1377857
-0.0043239985
-0.13847485
0.04329929
0.21052572
-0.10197665
0.2454082
-0.011119874
0.13065964
0.4621299
0.6889078
-0.2749453
-0.30252013
-0.29890433
-0.43706128
0.3349543
0.19612432
0.66974884
0.37481228
-0.63996226
0.5831242
-0.09517248
0.43431333
0.27392906
-0.029636657
-0.47349185
-0.38420466
-0.29699835
0.012690013
0.21760024
-0.35573375
-0.33617964
-0.049127072
-0.008871711
0.11465804
-0.3970253
0.35943556
0.24064852
-0.30632463
0.32949528
-0.045025766
-0.091029525
0.29152784
0.050222486
-0.44455874
0.2362619
0.43538374
0.5555322
-0.14150436
0.15402438
0.18151315
0.09530498
0.20934306
0.44162738
-0.6438081
0.19240882
0.43545237
-0.067964
0.07120674
0.12263784
0.5060542
-0.09228311
-0.27977464
-0.117808394
-0.2937781
0.24304198
0.09028929
-0.5963787
0.3831097
0.24270543
0.37847686
-0.26016316
0.41641745
-0.064371735
-0.1257636
0.6336272
-0.122447185
0.56504774
0.010842411
-0.091582455
-0.2614501
-0.028175019
-0.0007470911
-0.08698269
0.5147934
0.124696694
-0.3940782
0.45994282
0.08456273
0.02441204
-0.22340134
-0.07000574
-0.151812
0.56617653
0.27493906
-0.19518752
-0.0056379405
0.44072682
-0.23487009
-0.11189857
-0.442206
0.372551
-0.5371927
-0.12608065
-0.3734774
-0.20087694
-0.34240082
-0.1771934
0.38357085
-0.038127113
0.3500187
-0.6652777
0.20523901
0.1757397
0.31492087
-0.115581125
0.14112246
-0.095437475
0.33134767
0.22533093
-0.20383918
0.44432977
0.3060977
0.33703983
0.02822091
-0.19893566
-0.34341252
0.39637178
0.16705322
-0.061552506
-0.51817095
-0.19048192
0.12519443
-0.3543592
0.50068206
-0.29674768
0.06221123
-0.69201094
-0.6303475
0.2538902
-0.35761172
-0.15384686
0.10988125
0.20689209
0.4894686
-0.3433769
-0.52263
0.27198768
-0.23184866
0.27899545
0.13487916
-0.14904903
-0.12568127
-0.45570248
-0.46014702
-0.009588603
0.4863482
0.11386448
0.47111058
-0.22846773
0.1227252
0.65918326
-0.016643068
0.2958861
-0.16674379
-0.15350454
-0.012166999
0.16605966
-0.22439538
-0.07975674
-0.20956554
0.08400013
0.5813777
-0.2330745
0.23389359
0.28121108
0.2512609
-0.0056526726
0.14181824
0.05191683
-0.04233624
0.045765057
-0.0028961771
-0.021088636
-0.023892103
-0.008813615
-0.010726072
0.0
0.055991527
0.08307189
-0.010476331
0.0
0.0
-0.02196203
-0.009949279
0.06828641
0.07139747
0.0769755
-0.0031961713
-0.24310525
-0.41868278
0.17285994
-0.44609192
0.29775923
0.04512966
0.6865142
0.31616026
-0.2784966
0.44845647
-0.3591838
-0.46347156
0.1523888
-0.10524386
-0.121801615
-0.06512039
-0.13334866
-0.25977188
-0.07863919
0.2540281
0.3255014
0.057039324
-0.4375504
0.25926057
0.22793435
-0.37238777
-0.38851514
-0.3188863
-0.3454456
0.42075768
-0.36186978
-0.24767707
0.18319754
-0.4450562
-0.1948459
-0.2696683
-0.525169
-0.22554651
-0.17073494
-0.057965953
0.5096922
0.4942983
-0.19802092
-0.06574811
-0.41910553
0.6486059
0.08398471
0.16972485
-0.11047621
-0.00038588335
0.11524491
-0.15342739
0.14676821
-0.58950865
0.19696236
0.39844126
0.036373507
0.37829483
0.5905222
-0.6765604
0.39868653
-0.52489156
-0.17305402
-0.097807124
-0.20791836
-0.19815011
0.08266116
0.55378157
0.1167713
0.22499993
-0.35689962
0.23766956
-0.07614718
-0.0407223
-0.3473415
0.14407949
0.6693863
-0.43260655
0.3108578
-0.1260929
0.0102175
-0.23412739
0.5409116
-0.5319422
0.39848363
-0.6595459
0.22260293
-0.122847006
0.46999446
-0.12507471
-0.2170849
0.26249596
0.09025532
0.6446706
-0.24628066
-0.37474307
0.27202675
-0.13290979
0.37816226
0.35945368
0.28357223
-0.20384577
-0.28903863
-0.4852578
-0.01532829
0.6609825
-0.61490566
0.10130851
0.006696135
0.5523175
-0.03925181
0.1584132
-0.092497766
-0.3316284
-0.34622708
0.15678157
-0.4713507
-0.47693822
-0.12552321
0.091540724
0.013883949
-0.40768313
-0.23036945
-0.3594934
0.61882585
0.4009669
-0.29124376
0.41632017
0.62362856
0.10036647
0.4271175
0.65557355
-0.42031398
-0.04363497
-0.012237012
0.3426734
-0.3167266
-0.15024585
0.28887138
0.36420172
0.24795285
0.038487103
0.20971408
0.25688127
-0.32474178
-0.6007106
0.29464307
0.46434635
-0.31195563
-0.18045399
-0.33758584
0.19248827
-0.34975988
0.06554829
-0.017844355
-0.19937277
-0.24729161
0.37259397
-0.0012598753
-0.003037179
0.24671473
0.38627025
0.06531792
-0.5202535
-0.30736014
0.09840046
0.6108079
0.09605149
0.2095911
0.2763026
0.38192877
-0.17503074
0.10988101
0.2745121
-0.5192258
0.36973992
0.48484644
0.52400225
0.36938372
-0.4695285
-0.31104788
0.045520145
0.15612175
0.14649801
0.12581904
-0.2555127
0.23193827
0.3402526
-0.4364624
0.24548075
-0.49685672
-0.7388104
0.37255347
-0.22395098
0.7095956
0.67328066
-0.5807802
0.15209183
0.20763525
-0.2569874
-0.32996914
-0.02125817
0.40313497
-0.64413697
-0.33671468
-0.28359967
0.0045917714
-0.6220737
0.10454655
0.6732472
0.0642105
-0.71049595
-0.5445799
0.35932758
0.51080805
0.054924298
-0.41065988
0.109099716
0.081874624
-0.30360225
-0.35043705
-0.14212924
-0.0367159
0.23674338
0.42295346
0.50525415
0.4161992
0.15985861
-0.39881408
-0.1062471
-0.41022238
0.1500088
0.13828273
0.24921033
-0.55745065
0.22338755
-0.09238576
0.17551187
0.21873122
-0.21663737
0.4576527
-0.034988828
0.20172374
0.71140933
-0.17456959
-0.4330261
0.50720125
-0.04867237
0.13294105
-0.1649747
-0.17174174
0.13715647
0.5978156
0.62180907
0.052598868
-0.50873464
-0.34327105
0.23804937
-0.270855
-0.09879801
-0.025160719
0.10479186
-0.42941105
-0.19768949
0.36081222
0.024472922
-0.25537515
-0.341374
0.21632491
-0.42896506
0.35338712
0.647836
0.19782603
-0.18787485
0.67317766
0.29922482
0.5610101
-0.1605983
-0.08228339
-0.39756504
-0.42790112
-0.24150158
0.36952046
0.23869485
0.6453341
-0.42508987
-0.51047206
0.47051683
-0.42920765
0.24991491
-0.5478227
0.26493952
0.47235727
0.50635225
0.0036990102
-0.41149023
-0.43697876
-0.35356677
-0.0629137
0.07311329
0.36800888
0.11265901
-0.3866445
-0.07275293
-0.5971401
0.06497613
0.09172563
-0.6086587
-0.22222546
0.360215
-0.07518725
0.606304
0.012258051
-0.44481713
-0.41060063
0.40423524
0.2596766
0.4387637
0.30647847
0.674903
-0.24884279
-0.51215583
0.23896639
0.099825
0.093229055
0.60637677
0.7639874
0.6323497
-0.12500985
-0.40634817
0.019794222
-0.004609184
0.022357231
0.12588069
-0.4009107
-0.16468605
-0.007376125
0.39406016
0.103218876
-0.0824006
-0.3337204
0.57556945
0.11187913
-0.27780372
-0.040962566
0.1911549
-0.32834342
-0.27430302
-0.15196578
0.18136351
-0.4950207
0.110366456
0.42911312
0.0007966404
0.1020655
0.075781785
-0.20206308
-0.5083913
0.064683825
0.41564688
-0.13388857
-0.55688214
-0.12595968
0.16516995
0.6293583
0.048195627
0.082502626
0.026754303
-0.15687339
0.17857158
0.19251788
-0.42676315
0.27817172
0.60720545
0.34669584
-0.21844558
0.50485855
-0.60612595
-0.35251346
0.3931898
0.32032079
-0.18554257
-0.3520705
-0.691674
0.69451576
0.07246231
-0.26320705
0.19838403
0.28130943
-0.25630125
-0.20167378
0.02674315
-0.16130595
0.0033833508
0.18868388
0.005656123
0.04032227
-0.1440903
-0.33170184
0.21918756
-0.013759249
0.0
-0.064511135
0.0
0.055892203
0.047629926
0.054259237
0.05879744
-0.036684744
0.017624196
0.0
-0.028335275
0.053113144
0.11881282
0.05812661
-0.01703547
-0.018913625
0.0
0.049304277
0.0513471
0.195401
0.056013998
-0.7167755
0.29112482
-0.034642007
-0.092543304
-0.07098095
-0.18140715
0.5553648
0.1743335
-0.34805378
0.0136481635
-0.12194398
-0.23546603
-0.39921713
-0.079427734
-0.47446144
0.09975507
-0.36874732
0.018435733
-0.06295468
0.46755257
-0.04422405
-0.056707367
-0.7043922
-0.3192961
-0.010150547
-0.45729515
-0.06944456
-0.41591847
-0.35804328
0.032491803
-0.45742685
-0.39512548
-0.020401098
-0.17220132
-0.12275466
-0.4038674
-0.04576859
-0.08630737
0.1131136
0.05898767
-0.023316974
0.15013932
0.21990672
-0.34937906
0.24660687
0.2622469
-0.1411426
-0.4430218
0.012101406
0.4508474
0.69873214
-0.0845383
0.11775146
-0.17253017
0.3220713
0.2828194
-0.5301602
0.085204646
-0.20139553
0.15970048
-0.17122872
-0.3840986
-0.09755072
-0.10933218
0.06602993
-0.20854874
-0.22660998
-0.17457171
0.39141712
-0.025196904
0.25616822
-0.61725724
-0.12346098
-0.49539706
-0.017441757
0.25873372
-0.12464052
-0.713892
-0.45680186
-0.5164637
0.3993262
-0.15581591
0.22648469
0.25355566
-0.067141615
0.09798591
-0.3271185
0.072029606
0.23458628
0.15241715
0.053308193
0.16684765
-0.12961592
-0.22841662
0.09934465
0.24043201
-0.48758855
-0.14018752
0.52470076
0.28261232
0.710257
-0.6096983
0.37254706
0.16586074
0.1694081
-0.27551392
-0.24055555
0.48554477
-0.09210796
-0.11722426
0.28628495
-0.21753523
0.13375148
-0.62200356
-0.29856613
0.2117676
-0.02402833
0.24311833
-0.39260888
-0.1120687
0.124114394
0.2953451
0.035945572
0.24999894
-0.41939288
0.11281234
0.4153086
-0.6310845
-0.3909882
0.22006197
0.31012124
-0.41831946
0.47464296
-0.08927732
-0.39662385
0.14529702
0.29219267
0.24969259
-0.449665
0.12731785
0.5351821
-0.25821465
-0.49637517
0.7299881
-0.24700254
0.11483141
-0.2088941
-0.008182287
0.6364784
0.4093233
-0.26878813
-0.50738573
-0.023945095
0.029099762
-0.6337324
0.006228928
-0.22312011
0.61652535
0.017789215
0.30866516
0.2601563
0.08418032
0.26352748
-0.22608146
-0.11104833
0.49798045
-0.61096275
-0.7219422
0.011351481
-0.12520859
0.33995986
0.07578495
-0.43522403
0.1573728
0.07554718
-0.31880188
-0.14217128
0.09161761
-0.12274404
-0.22368295
-0.123630986
-0.15204474
-0.33791566
-0.2891982
0.31288433
0.0077361194
0.24601175
-0.06828896
-0.19750382
-0.059321813
0.59115005
0.5468733
-0.032035183
0.5965419
-0.034345414
0.02216605
-0.09539914
-0.3654381
0.232737
-0.0876841
0.042207997
0.28097093
-0.538882
-0.2202012
0.5763782
0.29344037
-0.1019325
-0.5551722
0.50910664
-0.0067789163
-0.2241726
-0.05358174
0.62318057
-0.14426792
0.55064756
-0.08326898
-0.0077325413
-0.17552426
-0.12913209
0.5606647
-0.0033870558
0.06859587
0.24462505
-0.10648135
-0.27142492
-0.35541472
0.09356953
0.6553252
0.20644617
-0.21333937
-0.34300992
-0.46030745
0.6494833
-0.17833212
-0.68341607
0.08978813
0.1853494
-0.20538656
0.18198189
-0.05868212
0.16106848
0.51387626
-0.15220106
0.4968701
-0.05844814
-0.17179029
-0.5337323
-0.15049121
-0.42612416
-0.405712
-0.29946998
0.070112236
-0.08540722
0.41368335
0.58153564
-0.2780978
0.28092512
-0.52856904
-0.18918256
-0.07603195
0.504109
0.025826076
0.31923115
0.39930665
0.18757562
0.20581348
-0.35739154
-0.5581027
0.30399877
0.35212448
-0.07412223
0.67954075
-0.13784596
0.04624837
-0.013304343
0.1515334
-0.034370266
0.6732075
-0.0246887
0.39888102
0.39685017
-0.1670293
-0.36457282
0.5564917
-0.33172044
-0.48888928
-0.07890798
0.045880225
-0.35972196
0.1370235
0.3948212
0.21662247
0.48106104
-0.16426317
-0.03206712
0.6435576
0.05702745
0.48256806
0.43636224
-0.35216984
-0.23952146
-0.22300878
0.16909342
-0.16902135
-0.53665835
0.2107216
0.024993375
-0.619719
0.0124115115
-0.19472785
0.28289172
-0.09759094
0.3365065
-0.22851424
-0.5734307
0.18976647
0.25011712
0.14170855
-0.58539176
-0.18671091
-0.45178434
-0.33741194
-0.11311451
-0.17209803
0.6268412
0.55338436
-0.020073874
0.046330616
-0.01611847
0.20545918
0.054269917
-0.46490607
-0.1540978
-0.3329073
0.40154764
0.12794355
-0.3376036
0.19358377
-0.120938554
-0.423149
-0.38017103
0.3924688
0.62173206
0.12906353
-0.6808864
-0.1848238
-0.6263575
-0.43494195
-0.6048495
0.41748962
0.5402691
-0.3056082
-0.17772065
0.44004858
0.590937
0.1135476
0.18797877
-0.19510943
-0.11814476
-0.19661167
0.057908803
-0.1255221
0.47257715
0.61307126
-0.011578013
0.6161226
0.3531144
0.2794668
-0.17197391
0.24939024
0.02305264
-0.04557038
0.3484326
-0.7580058
0.05235554
-0.07943236
0.4105296
-0.39029306
0.14807189
0.5211843
-0.009494293
0.28940088
-0.71777874
0.021528337
0.38588703
-0.0021251834
-0.36709458
0.22408666
-0.3036721
0.2877694
-0.0041582515
0.3515758
-0.35313505
-0.57399064
-0.38431504
-0.2704564
-0.2511353
0.13914025
0.0
0.0011408376
0.056573644
-0.049593937
-0.06420562
0.049237195
-0.019956253
0.06103039
0.0
-0.042029176
-0.057995923
-0.043365423
0.018306306
0.15555824
-0.024274865
-0.068139456
-0.06933129
0.06534673
0.0
0.052957352
-0.3635505
-0.24801876
0.26088753
-0.38786831
0.018339733
0.32547575
0.28625223
0.52137923
-0.24321213
0.1355821
0.18366563
-0.07478482
-0.4375893
-0.5391732
-0.134254
0.22694056
0.24048391
0.23058657
0.2804914
0.06699569
-0.07245612
-0.19461045
-0.46004367
-0.375455
0.12098914
0.17171858
0.23007676
-0.19107968
0.47280678
0.0024008623
0.4200507
-0.37187657
0.20186287
-0.40805426
0.09450959
0.00079366344
0.038940594
0.16639757
0.22107565
-0.039124705
0.47428384
0.27423218
-0.0884917
0.44637653
0.22530246
-0.3617792
0.21250017
0.3143533
0.07054644
-0.3035615
-0.33595592
0.17171341
0.2705051
-0.13850911
0.42030665
-0.53313065
-0.23520665
0.3153634
0.3790617
0.07121222
0.0375023
-0.032149035
0.001981551
-0.4644451
0.43511748
0.06944627
-0.06601921
0.4079583
-0.23205213
-0.47347918
0.31594688
-0.37440476
0.3451568
0.43546265
-0.32174888
-0.4197388
0.1234653
0.124701224
-0.34043854
-0.20161599
-0.25604194
-0.34029466
-0.33400914
-0.42343828
-0.436037
0.061608896
0.40990597
-0.00830144
0.28157035
0.39157292
0.021018423
-0.32367864
-0.09999311
-0.0085237445
-0.10396144
-0.06439445
-0.12434305
0.32887718
0.31682485
0.14056683
-0.48801336
0.0862744
-0.096260905
0.065091304
0.034808513
