-1.4032347
0.05635004
0.6629944
0.21008664
-0.37290445
0.8679887
-1.2132947
1.2307376
0.36091664
-0.14367825
-0.56451386
1.005582
-1.0842962
1.4166884
0.7778575
0.9120842
-0.85947096
0.2703035
-0.84822536
0.6153901
-0.19900146
-1.5261899
-0.5814752
0.49929976
0.96376204
-1.5946087
-0.09074872
-0.60887426
0.70600116
-0.108514465
0.8694216
0.048268504
-0.592727
-0.13378382
0.4844416
0.9497809
0.435095
-0.11587658
0.4296991
-0.8000777
0.093970835
-0.011609562
-0.4632997
0.22532545
0.3405919
0.003138019
1.0438299
-0.5523756
0.45269325
-0.654441
0.43369243
0.007380597
-1.3404151
1.1583716
-0.3801806
-1.3205944
-0.16451965
-0.42845926
-0.95051885
-0.6787505
-0.5136202
-0.019356463
-0.0676207
-0.64326674
0.7537651
1.0202135
0.04809368
-0.09840397
0.47489688
1.0256286
0.5166275
-0.1634654
-0.099678114
-0.22967309
1.087559
-0.22029312
0.10948479
-0.28369296
-1.4858291
-1.2804587
-0.06297627
0.069425635
0.021183515
-0.060624335
0.037170433
0.066323556
-0.05828884
0.048884135
0.06711505
0.020676108
0.00916536
0.028280945
0.0
0.05316644
0.043912686
0.04521972
-0.024279386
0.0
0.0
0.0
-0.47142142
0.090108335
0.31276736
-0.31027773
0.007775228
0.24409206
-0.041640427
-0.553927
0.40723458
-0.19325492
-0.013721817
-0.15313213
-0.03397004
-0.19539195
0.17209864
-0.24429189
-0.6441983
0.07272374
-0.000521305
-0.16301289
-0.093021855
-0.28625977
-0.15348202
-0.31976926
-0.2434396
0.0052650054
-0.08404791
-0.23281135
0.63771224
0.1886346
0.3269383
0.28177857
0.28086522
0.28960782
0.11754783
0.4897827
-0.46751502
0.050026607
0.003249866
-0.17003432
0.030343454
0.5471518
-0.014702008
-0.70544016
0.38811776
-0.025858123
0.05067867
0.025894556
-0.24157366
-0.4501523
-0.044556655
-0.509894
0.4007358
-0.2600192
-0.69357014
-0.58263624
-0.00950984
0.08034005
-0.16638759
-0.0353308
-0.2760989
0.08692095
0.37302542
-0.57641834
-0.08811912
0.32026106
0.08460995
-0.36795056
-0.57063705
0.5689251
-0.41503036
0.21380045
0.61467683
-0.14791395
-0.13479345
0.5077609
0.0379611
0.11456349
-0.50508386
-0.28051627
-0.40648037
-0.19518545
-0.10203847
-0.04985855
-0.6317813
-0.0075392304
0.10197521
0.4150215
0.12798615
-0.28966287
0.12343605
-0.10494586
0.23689292
0.41249746
0.10292157
-0.07674276
0.24442135
-0.61428195
0.57406455
-0.12343955
0.21061066
-0.010328175
0.71643996
0.02914808
0.19862448
0.09407476
-0.014568481
0.45843095
0.43584135
0.37024465
-0.44441456
0.14044315
-0.17069317
0.024630003
-0.40811092
-0.24597393
0.33025566
-0.08315656
0.47794566
-0.14434397
0.30416298
-0.32363346
0.50024354
-0.24122004
0.14381571
0.36032364
-0.27036616
0.43030643
-0.56924826
0.089605436
0.35948417
0.62382483
-0.53927284
0.10984662
-0.2789134
0.24640964
-0.15364628
0.21109165
0.21471396
-0.20636962
0.1861212
-0.1790604
-0.037281677
0.30791456
-0.10634319
-0.18648449
0.10194386
-0.34000918
-0.021650566
0.1264383
-0.5778904
-0.08172408
0.14014478
-0.34882516
0.3034116
-0.545765
0.034138244
0.08780431
0.5958465
-0.2260449
0.5497838
0.24825023
-0.59945244
-0.36094087
-0.4717789
0.28469825
-0.3087633
-0.6346993
0.49562737
0.1953653
0.1275006
0.1921546
0.51419437
0.26390016
-0.58169854
0.34202978
-0.052096717
-0.20463602
-0.016400594
-0.23676951
0.6177489
-0.23531319
0.05043958
-0.3535025
-0.11426215
-0.16989921
-0.035845593
-0.4243287
-0.34491524
0.41501924
-0.45528778
0.30774638
-0.09913136
0.12216967
-0.013976207
-0.47367004
-0.1890322
-0.20901392
0.5483007
-0.28689203
-0.7395702
0.086389735
0.4532579
0.040670596
0.3901356
0.255807
-0.09787162
0.47373396
-0.008189907
0.0025812942
0.4658999
-0.1642941
0.3132578
-0.54919153
-0.016099298
0.4137485
0.53694636
-0.29022765
-0.25883284
-0.32484093
-0.23551841
-0.16047792
-0.39034733
-0.025802996
-0.3250906
-0.22180043
0.10660019
-0.22003432
0.1406804
-0.05223247
-0.21768495
0.19635396
0.15138745
0.0006230795
0.12010501
-0.19428605
0.3511948
0.3266162
-0.00024536988
-0.04406053
-0.57432395
-0.05817036
-0.14606604
-0.37134045
0.4681906
-0.4676417
0.13476874
-0.11280609
0.37992707
0.19013129
-0.6414328
0.14387289
0.2441833
0.1883986
-0.4296342
-0.41634807
0.30743816
0.36441034
0.42250186
-0.07168278
-0.08023506
0.23385093
-0.45255905
-0.05905102
-0.4680251
-0.011979394
0.17547941
-0.26961747
0.19547307
-0.46284604
0.038623735
0.28480455
-0.056367822
0.33752283
-0.20304982
-0.12525566
-0.5081824
-0.18822283
0.57815963
-0.11150272
-0.22874786
-0.08365906
0.044846065
-0.28328374
-0.37162465
-0.054924518
0.019747252
0.52054757
0.22021642
-0.28913838
-0.11581841
0.37198478
0.016231967
-0.04161918
-0.42370993
-0.5903722
-0.127455
-0.31396323
0.40496013
0.48449036
0.56025517
-0.1198518
-0.32050595
0.2550237
0.68204206
-0.27057868
0.27225304
0.24025448
0.17653018
0.5713205
-0.06988935
-0.14816944
0.2824825
-0.43360463
-0.27929056
-0.20949566
-0.20361216
-0.0123866955
0.57630616
0.4208181
0.08273269
-0.3184688
-0.13656159
-0.4930014
0.5528286
-0.03805747
-0.22508806
0.4514171
0.58696723
0.06339974
-0.28670597
-0.21692438
-0.18830232
0.085570745
-0.47628298
0.025901891
0.5558183
-0.6316797
0.089785494
-0.082784414
-0.0518514
0.43389985
0.69991475
-0.24958466
0.60233516
-0.005504239
0.20963308
-0.12738045
0.4431359
-0.010253669
-0.1972148
-0.2847552
-0.04352503
0.14857318
-0.042366583
-0.4342962
0.4501292
-0.018290179
-0.26192287
-0.06319053
-0.4660002
-0.027489364
-0.6566293
0.09877039
0.2602747
-0.32737058
-0.24990498
-0.12756994
0.017553326
-0.4539972
-0.16743812
0.21846643
0.4581086
-0.044792395
0.08252296
0.15898494
0.05111134
-0.22412701
0.2088599
-0.53280544
0.16876315
0.3888283
0.34582633
0.38227114
-0.42660254
-0.5155543
-0.16331719
0.15038724
-0.5253212
-0.06670252
-0.10861942
0.32680398
-0.34654704
0.18503614
-0.40724444
-0.3635554
-0.04806125
-0.042316847
-0.44958016
-0.09910185
-0.0073463134
0.040510036
0.059826247
0.0
0.0
0.023577768
-0.025440548
0.007981442
0.05252245
-0.029031899
0.076612085
0.058439966
0.046034213
-0.026908707
0.0
-0.012729192
0.018219179
0.0
0.05005999
-0.005661662
-0.53689575
-0.34410194
-0.20650949
-0.17426391
-0.7040441
-0.12757118
0.08221839
-0.5406993
-0.6075787
-0.5162909
-0.6202054
0.055957645
-0.2791401
-0.2391819
0.15631878
-0.6568364
-0.20491907
0.3908363
-0.36438563
0.18753931
-0.11139917
-0.14026949
-0.45645675
0.24322087
-0.6218076
0.680983
0.151163
0.47009704
-0.11002398
-0.030053182
-0.4030145
0.29240325
0.030791143
-0.018965151
-0.32309845
0.12745519
-0.010007389
-0.086316444
-0.248265
0.16154282
0.049000315
0.48763812
-0.31100622
0.10577231
0.016892891
0.21937865
0.3913561
0.67292017
-0.28837016
0.024057234
-0.021524847
-0.10915397
-0.11155006
-0.045413066
-0.25686827
0.30674455
0.27618214
-0.18613504
-0.131476
0.29875737
0.20677105
0.059443206
-0.103342585
0.2833727
-0.007967894
0.021831037
0.5045824
0.19909509
0.32479435
0.33364
0.44351435
-0.22167888
-0.17777735
-0.06409719
0.100160725
0.20914371
-0.36691728
-0.35977098
0.10711889
0.19597171
0.042660467
0.17351416
0.28718442
-0.048101824
0.5729761
-0.2428687
0.56702393
-0.5972323
-0.3203937
-0.2972056
-0.57770544
0.02470666
0.321656
-0.17162406
0.38196796
-0.21491396
-0.30740422
-0.034296997
-0.28650403
0.029525986
0.43221018
0.505978
-0.44739065
-0.0057150563
-0.28604832
-0.09181151
0.10909396
0.43547055
-0.39484185
-0.36161137
0.26750275
-0.22220872
-0.6372428
-0.08790125
-0.0059048245
-0.1971047
0.038641736
-0.035849947
-0.24920762
0.35605547
0.24585773
-0.07168835
-0.040016197
-0.24589062
0.42842197
-0.24412785
-0.463159
-0.41955042
-0.5429858
-0.522781
-0.11434744
-0.026933432
0.32836807
0.095856175
0.12362173
0.03443935
0.24305966
-0.005075093
-0.2443768
-0.17772779
0.6315904
0.12870479
-0.0077936053
-0.31820402
-0.21200715
0.273201
-0.5823909
0.48718217
0.2052061
-0.17200409
-0.012004458
0.51010567
-0.23098215
-0.06439493
-0.2324064
-0.10407637
0.21942292
0.30147415
-0.32461938
-0.25860584
0.34820905
0.101619914
0.23861627
-0.28272566
-0.12175706
-0.4000104
0.5290387
0.4715638
-0.10181285
0.26014632
0.17246152
0.50383615
0.31919873
-0.49119958
-0.38750622
0.2270072
0.065795474
-0.45478526
0.1608891
0.19138967
0.4725269
-0.6454128
-0.30766848
-0.27878988
-0.41202548
-0.27199808
0.60376763
-0.18909754
-0.4099986
0.14564759
-0.00961756
0.020143954
0.22904655
0.27236888
0.61886656
-0.046314
0.1215214
0.17893454
0.23767185
-0.052828025
-0.14232552
0.2993282
-0.23843688
0.2916329
0.3474042
-0.015159656
0.12820631
-0.3459029
-0.5083417
0.5574023
-0.35866618
0.45557344
-0.29462394
0.21646647
-0.26516697
0.02807782
0.7992198
0.22596513
0.5064308
0.42923725
-0.74310833
0.33629975
0.16211392
0.16752858
0.3663574
0.06964875
-0.41514847
0.27315336
-0.077901706
0.27087542
0.54264
-0.098058194
0.035333365
-0.15657021
-0.1357856
-0.21371071
0.55921775
-0.46563604
0.058305208
-0.30742994
-0.2037551
0.36361206
-0.008368072
0.32286832
-0.5732386
0.38175547
-0.20160076
-0.5572467
-0.033455193
-0.24065575
0.47592658
0.2137027
0.15583019
-0.121221274
-0.4135546
0.5374809
-0.01243418
-0.11230954
-0.43627366
-0.1154995
-0.013539642
0.41925865
-0.36230955
-0.40877742
-0.058398873
-0.23651189
-0.2002923
0.13577896
0.28080028
-0.124809064
-0.09505817
-0.022735307
0.017092263
-0.47710457
0.34528795
0.06869099
-0.2237155
0.09439831
-0.3632334
-0.46531177
0.44812715
-0.026017511
-0.6781455
-0.17063984
0.06131889
0.11684096
-0.23917744
0.3672369
-0.5228372
-0.2051913
0.44205874
-0.14498287
0.15270516
0.34047702
0.2344969
-0.36609775
0.08982583
-0.42770043
-0.53744024
0.08605185
0.028728379
0.21928549
0.51171595
-0.22626698
0.24226563
-0.36210853
0.08003297
-0.1767414
0.013744204
-0.14402188
0.15236063
-0.23773871
-0.16826403
-0.5566217
-0.431918
-0.032749422
0.43208644
-0.5391383
0.29366472
-0.09451112
-0.13574077
-0.15200546
-0.17456615
-0.49308506
0.25000918
0.28570578
0.50361466
0.18472151
-0.054638132
-0.37737498
-0.0011611849
0.7033132
-0.2486781
-0.6149683
-0.046267357
-0.065198265
-0.09106598
-0.23082434
-0.39757532
-0.38552836
0.10866634
-0.34645182
0.049157426
-0.10228194
0.13640468
0.3914152
0.7117861
-0.047247104
-0.048452765
0.0018288344
0.6289667
0.46247798
-0.022819456
0.1897239
0.042676996
-0.087613024
0.046441168
-0.08376331
0.38366723
0.1950853
0.020243078
-0.17618124
-0.5289029
-0.44215173
-0.23688842
0.14193976
0.081091
-0.07407349
-0.095908076
0.1061088
0.4831121
0.16335674
-0.46795547
0.26312196
0.40687627
0.025642848
-0.21709205
0.082269825
0.5234211
-0.39149696
-0.115294605
-0.069483705
-0.37890497
-0.1254998
-0.01833763
0.30341977
0.15194556
0.24148801
-0.09219973
0.49142873
0.12147096
-0.124595314
-0.08619841
0.13869673
0.065117836
-0.7135129
-0.10080372
-0.11793643
0.027956093
-0.26407915
-0.038007848
0.06449368
0.0
0.0
-0.047255956
0.024010448
0.03197322
0.05597266
0.0
-0.011113921
0.05073999
0.046457723
0.0
0.0
0.018285112
0.044417888
0.06501077
-0.011461122
0.05045431
0.0
0.47579715
-0.15151617
-0.20299849
0.4219036
-0.026961891
-0.11918221
0.17512484
-0.22673148
0.20227242
0.09690143
-0.1308418
-0.29740965
-0.3331986
0.4047899
0.21667986
-0.34233555
0.09088097
0.12694062
-0.10658518
0.044775557
-0.30507734
-0.026788779
-0.12844777
-0.008412329
0.4141349
-0.23544501
-0.15206146
-0.56999403
0.54843545
0.1948662
0.021138579
0.27934268
0.35882896
0.07637894
0.0074911905
0.53290945
-0.17809337
-0.3689075
-0.28890854
-0.025477484
0.379239
-0.519072
0.4844318
-0.507249
-0.37601
-0.6142803
-0.15022208
0.21931534
0.030804126
0.22768962
0.40042323
-0.04396928
0.1669393
0.022610812
0.07354201
0.12485925
0.16880855
0.11398548
-0.36335483
-0.07671108
0.61606735
-0.11144923
0.0140939215
-0.20692801
0.2197608
-0.10853959
0.6328062
-0.4753199
0.00587925
0.037258863
-0.12436766
0.060728036
-0.1327634
0.7002618
-0.013717937
-0.48125035
-0.072105
0.5901414
-0.5707873
-0.18242477
-0.041472565
0.14669158
-0.582906
-0.26326823
0.11660672
-0.14016698
-0.09902568
-0.38805047
0.066112295
-0.03930284
-0.36375916
-0.0029642407
0.15293865
-0.3893229
-0.07342382
-0.19171068
-0.41794086
0.44556385
-0.47856385
0.33134514
-0.61920995
0.3438069
0.17160818
0.04302199
0.05076374
-0.5572478
0.0026092432
0.026139079
-0.4179948
-0.33680147
-0.18923217
0.26991317
0.45208433
-0.73801553
0.242992
0.18519534
-0.25583097
0.3226551
-0.21606836
0.04689967
-0.7362896
0.16131711
0.41623938
0.35880092
-0.060669247
0.153233
0.24308702
-0.2733273
0.47799006
0.15981704
-0.44707927
-0.31581897
0.25608677
0.18334255
0.022837436
-0.06936924
0.46973523
0.13733172
0.011792378
0.06756069
-0.065149926
0.2602799
0.7123681
-0.016906148
0.6117341
0.22068511
-0.12609482
-0.118563764
-0.15260875
0.22823788
-0.26969504
-0.08796102
0.46261415
0.06519244
0.16444688
0.5464431
-0.18380491
0.013101124
-0.3284444
0.3656196
0.33545196
0.057519764
0.4045491
-0.30102766
-0.06660966
0.15224847
0.12231902
-0.5405336
0.12532777
-0.29135114
0.3936038
0.07203418
0.06405979
0.052753508
-0.1169118
-0.013645606
0.010650704
-0.32951745
-0.54555064
-0.10846623
-0.3732243
-0.40107352
-0.33730373
-0.46432275
-0.08497348
-0.0037017048
0.09729182
0.24662532
0.43057448
0.52130866
0.084682554
-0.12588954
-0.02178396
-0.058117114
-0.039157577
0.032721914
-0.05536207
-0.18495578
-0.09017306
0.07138175
0.46810904
0.060523152
0.4651415
0.29122573
-0.15120822
0.30020222
0.20966972
-0.26250175
-0.21326779
0.04401067
0.29076168
-0.38958892
0.6407305
-0.11042726
-0.018146548
0.5509391
-0.50551856
-0.38877434
-0.031114563
-0.55691034
-0.01838694
0.030553836
-0.054213446
0.19373564
0.34964994
-0.30905843
-0.24471131
0.43501955
0.47291285
-0.4032288
0.38826755
0.06079091
0.50029975
0.23115346
-0.27946237
0.04020458
-0.4319883
-0.18614163
0.18791905
0.6658369
-0.14231883
0.40168867
0.0053001354
0.24111408
0.7013502
-0.21162097
0.15755866
-0.19548222
0.12367154
0.4393893
0.56151146
0.26997706
-0.39185926
-0.023363514
-0.6466926
-0.280365
-0.35038906
-0.36905003
-0.023978518
0.48008317
-0.17729089
0.61702925
0.1259113
0.14755638
0.031023426
-0.33238694
-0.11565437
-0.3587859
0.14506234
-0.05383822
-0.016416382
-0.35470015
0.20599812
0.28913248
-0.26192096
0.30658826
-0.28662813
0.5771637
0.079061165
-0.47607762
0.5469612
-0.36880368
-0.4547078
0.6147628
0.34057504
0.06761022
-0.16517206
-0.11075774
-0.61269563
0.2599623
-0.096701644
-0.3332613
-0.31851315
0.18658458
0.40377367
0.5587048
-0.48509827
-0.038570043
0.60911435
0.006817833
0.45258814
0.5427133
0.22054882
-0.4867473
0.34080344
-0.33405048
-0.65462863
0.5363473
-0.33175328
0.31585884
0.69881904
0.3009554
0.23952235
-0.1508789
0.027816063
-0.36959514
0.4215867
0.2992361
0.17173907
0.13073821
-0.31768548
-0.19636829
-0.25142196
-0.46153402
-0.471671
0.09229605
0.17390971
0.27032173
-0.034621473
0.22292025
0.7349301
-0.3304543
0.38690683
0.43156025
-0.27565885
0.37802455
-0.09316538
-0.014451494
-0.19156209
0.031363763
-0.053435266
-0.27298158
0.31546715
0.53074247
-0.037345525
-0.2944063
0.19224602
0.039628208
0.4740834
-0.27184704
-0.42564794
-0.34226653
-0.50059736
0.483389
0.16686636
0.062937215
0.3867424
0.30654058
0.09922228
0.21180783
-0.20590188
-0.17035422
-0.25532666
-0.1859962
-0.18841124
-0.22683069
0.32680845
0.14356273
0.51424164
0.115894824
0.2157728
0.32668206
0.43128517
-0.5376011
-0.0052484274
-0.18623117
0.3147043
0.014192998
-0.43975738
-0.42104584
-0.30107164
0.12678777
-0.53236604
0.13200979
0.46593988
-0.17627779
0.06898667
0.11739978
-0.17955802
-0.41580936
-0.37639314
0.57774687
0.27367783
-0.050675526
0.059350226
-0.17560582
-0.42129454
-0.043661617
0.65308
0.36239576
0.042149425
-0.042784616
0.048858013
-0.041284923
0.044945322
-0.044579268
-0.03293722
0.030136572
0.07372827
0.051996678
0.046373826
0.0
0.046616018
-0.03522029
-0.030102301
0.050463907
0.0
0.0
-0.015158953
-0.04452908
0.21054086
-0.4173549
0.46881676
-0.3070839
-0.36311048
0.3867482
0.53671974
0.5219141
0.2513134
-0.17358086
-0.2313235
0.2081247
0.23409757
0.2577537
0.28411025
0.53408635
-0.34077924
-0.3548637
0.43373463
0.028340407
0.07105831
0.5197956
0.4605981
0.07437891
-0.24043262
0.08896464
0.19108307
-0.41893882
-0.015119851
-0.27323678
-0.16605368
0.3032595
-0.21676338
0.41842896
0.30674595
0.33885878
-0.04624501
0.05088204
0.03344947
0.2000615
0.44405025
-0.023848414
-0.16024953
0.03493166
0.31456935
-0.2689575
-0.26849145
0.07077038
0.511628
0.23664814
0.09222609
-0.31559682
-0.30112928
0.04197955
0.44817203
0.102700114
0.5117684
-0.50299704
-0.42994213
0.31856912
-0.44120866
0.0
0.0
0.37378648
-0.121382624
-0.2409801
-0.012566598
0.225429
0.38060907
-0.06773908
-0.090417415
0.51843494
-0.3963425
-0.37753695
-0.3405111
-0.12242592
-0.101375826
0.37515894
-0.28171068
0.05401742
0.24064039
0.26720652
-0.47872385
0.42513263
0.19608411
0.061907113
0.30997062
0.55106556
0.16981043
-0.20256789
-0.49319223
-0.16551171
-0.36398506
0.14468342
-0.5233809
0.14168954
0.3818648
0.009679139
0.25366855
-0.1566267
0.32053488
-0.37838972
-0.14108306
0.0456601
-0.014569991
