0.5492712
-1.0747392
0.3833608
-0.14387676
1.4311739
0.2547759
-0.09010341
0.23733543
-1.3017128
-0.058875058
-0.6106906
-0.6421951
1.4958631
-0.3220585
0.6510659
-0.7784169
0.71068686
0.45926717
-0.38119268
0.50147545
1.3432677
0.5436856
0.34603477
0.31562608
0.6050065
-0.42993003
-0.19984962
-0.31712836
0.42570502
-0.04901432
0.65164673
0.43437228
0.02125457
-0.7060636
-0.23289219
0.11285259
0.08675387
-0.0654434
-0.13062619
-0.68469054
0.99937844
-0.10977379
-0.3636276
0.4896126
1.5327876
0.34437674
0.22281891
-0.086859465
0.081353344
0.9450137
1.0423628
0.32764015
0.668008
0.13110735
-0.10982183
0.1245733
-1.142556
0.40728205
0.38000956
1.0931551
-0.51587826
-0.18687724
-0.523158
-1.4040804
-0.411478
0.35254833
0.7888085
1.0995386
-0.17708948
0.7252295
-1.374908
0.67705834
-0.04852137
-0.8247468
-0.78435415
-1.2871814
0.25016254
1.3468474
0.17191075
-0.31680936
0.034423154
0.0
-0.030040542
-0.0133764725
0.031872097
-0.022121675
-0.046148162
0.0057608173
-0.032679405
0.037657384
0.062392004
0.013830872
-0.0788039
0.019032298
-0.033056393
-0.023499768
-0.014816146
0.07581345
0.09774621
0.049697332
0.16147847
0.2951811
-0.24016875
-0.18637066
-0.35248405
-0.425893
0.067289844
-0.3343397
-0.0008545303
-0.1797572
0.5448228
0.291566
0.49002066
0.028436845
-0.38619804
-0.4862661
-0.020495487
0.22178075
-0.094114125
-0.40342417
0.014958409
0.14437614
0.064826876
0.35702997
-0.54333866
-0.07019215
-0.35643217
-0.18988414
0.05262791
-0.28239468
-0.39579892
0.17947254
-0.28025326
-0.59295005
-0.17000584
0.065026864
-0.45223188
-0.2506201
-0.0030701065
0.6249303
0.67583716
-0.17971429
-0.15425152
-0.46899152
0.30113932
-0.0018730647
0.20332657
0.01031073
-0.49252582
-0.34642693
0.5434458
0.0027270713
-0.59790415
-0.13609348
0.154023
0.32701766
0.3910996
0.5456283
0.2695977
6.858051e-05
0.59105545
-0.39066562
0.316049
0.2436857
0.104745686
-0.30369675
-0.0869546
0.26649117
0.06769242
-0.45061883
-0.064335294
-0.1791362
-0.16707802
0.11004966
-0.0014958683
0.23949236
-0.23024805
-0.08179575
-0.29312325
-0.2359933
-0.1417995
-0.013370057
0.102355726
0.32123733
-0.33963645
0.2082587
0.33447465
0.32028577
-0.41284478
0.14820196
0.15843223
-0.059319988
-0.14903173
-0.25775766
-0.24267066
0.0021006977
0.48588997
0.439259
-0.04106074
-0.28291732
0.009114321
0.41059098
0.18088838
0.20121244
-0.3794797
-0.0894983
0.5776813
-0.52455395
-0.021503951
-0.18693875
0.10868098
-0.67434055
-0.22659114
-0.64538753
-0.3402132
0.18555129
-0.15943046
-0.29810724
-0.27669102
0.13480416
0.099152036
-0.0035400926
-0.26567376
0.31384426
-0.123721845
0.444997
-0.18237536
-0.312094
-0.029935014
-0.034431558
0.36630413
-0.006077645
-0.020668544
0.057118665
-0.6986984
0.1604145
-0.34056765
-0.6550366
0.08283982
0.054475572
0.73008794
-0.47059524
-0.02161556
-0.043686856
0.5237335
-0.19012219
0.24482524
0.19366482
-0.6731476
-0.527306
-0.36020714
-0.10960661
-0.2502477
-0.31020322
-0.28377324
0.1156489
0.29989824
-0.1280871
-0.11359549
-0.22311856
0.03728281
0.36955288
0.13371918
0.36656725
0.02281753
-0.04900097
-0.0799342
-0.19627802
-0.0720249
0.36768964
0.37884971
0.14961234
0.059622988
0.10369426
-0.04254089
-0.22704619
-0.55031407
-0.079135664
-0.11851836
-0.35238427
0.25552827
-0.36714768
0.25386813
0.32935935
0.54827344
0.24597141
0.09926641
0.2953113
-0.07325781
-0.2396307
-0.39235348
-0.28259063
-0.09137589
-0.07374721
-0.27567437
0.13078578
-0.48954722
0.6307036
0.09796774
-0.4249424
-0.12789226
0.26491708
-0.101685524
-0.57155395
-0.008575976
0.11720575
-0.05310913
-0.058606904
0.19634192
0.35162234
-0.55449945
0.51058096
0.20745665
-0.21640763
0.19551718
-0.17831552
-0.01514366
0.5606991
-0.29917464
-0.10585481
-0.21841231
-0.041732773
0.027431771
0.15044281
0.57271594
0.31241578
0.36941576
-0.22714846
-0.0014237831
0.4573256
0.12519838
0.25532815
0.21713533
-0.099732324
-0.5058902
-0.52793634
-0.038133815
0.12733804
0.52727425
0.57495785
-0.06635379
-0.055350594
0.010050984
-0.025490578
0.4249892
-0.17213137
-0.32817844
-0.49576738
-0.2870554
0.021011397
0.41118887
0.12995435
-0.2107425
-0.6385303
0.3424696
-0.19337551
-0.39599395
-0.27830788
0.15205605
0.35865846
-0.34376505
0.04516088
0.29606533
-0.39103895
0.054336913
-0.3135745
0.5052067
-0.53328454
0.014709727
-0.5504741
0.22523698
-0.22179814
-0.084249064
0.048457135
0.007024368
0.51867133
0.37158996
-0.51356286
-0.4104292
0.5886465
0.077451676
0.50779474
0.49230248
0.22787648
-0.17811956
0.3507746
0.29496896
-0.43748823
0.2526275
0.23607352
0.013069723
0.2798907
-0.014235101
0.40797403
0.07157854
-0.031379156
0.40907905
0.08352801
-0.16454111
0.22936535
0.18910384
0.2742069
0.015540774
0.02459914
-0.031467546
-0.44911927
-0.28200215
0.48908406
-0.15516815
-0.071384646
-0.31796607
-0.14010736
-0.19475818
-0.37066618
0.5744487
0.18867238
0.14681679
-0.4043837
0.22739305
0.27752063
0.025026424
-0.11225174
-0.07414143
0.40442732
-0.093166165
0.05412067
-0.26862678
-0.17245969
0.46823356
-0.31567118
-0.31308582
0.4606778
-0.060504302
0.20747636
-0.21183687
0.26585186
-0.6093571
0.053213246
0.08547783
0.14892536
0.13600351
-0.119466074
0.074354164
0.46101686
-0.5838482
0.0562699
-0.16511343
0.11924101
0.51181966
-0.254248
-0.60685897
-0.014590528
-0.44838798
-0.35144585
0.3249767
-0.30319795
-0.09730983
0.3408895
0.14035775
-0.37392786
0.5904056
-0.5490237
-0.029376201
0.26983646
-0.7330088
0.30785444
-0.185337
-0.17659783
0.32914013
-0.14815022
0.025784338
0.044229537
0.32983437
-0.22627015
0.22693965
0.10166608
-0.14512843
0.5756482
-0.060223527
0.35718092
0.3009979
0.01652274
0.08996383
-0.12856753
0.04381413
-0.23032476
0.22808655
-0.1786756
-0.36004645
0.18976736
-0.085063785
-0.23128138
0.010679726
0.43968743
-0.048855647
-0.038930703
0.047449533
0.08796382
0.061100215
0.14772601
0.05406429
-0.0195809
-0.035684723
0.013824249
-0.060446035
0.069249645
0.04795367
-0.009956544
-0.025626076
-0.029749144
-0.034351118
-0.03322564
-0.017645273
0.0
0.0
0.0
-0.05091467
0.054029685
0.073236965
0.0
0.304879
-0.3207942
0.16165932
-0.43751952
0.046348274
0.49601984
0.46163958
-0.14457817
0.41318145
0.7258211
0.5786801
-0.291042
0.16824108
-0.6063855
0.24897319
0.30444902
-0.09466961
0.30809256
-0.4368433
0.404528
0.07834408
-0.5214489
-0.19394712
-0.063149035
-0.39544383
-0.30716857
0.056632187
-0.020313738
0.053927436
0.4965397
0.05196631
-0.08659552
-0.15763561
0.22083423
-0.107248016
-0.5783811
0.16063103
-0.56702
0.27726638
-0.3679636
-0.1784469
0.5704011
-0.42109916
-0.00094668014
-0.07617982
-0.1974578
0.054633982
0.39334366
0.59485835
0.11835677
-0.135647
0.14957877
0.40350398
0.028282138
0.4056663
0.41707915
-0.67769426
-0.049058516
0.21840322
-0.16073298
0.33250633
0.11051139
0.19513911
0.17429408
0.33972
-0.10789994
0.19855084
-0.09082434
-0.08288931
0.28865284
0.054549478
-0.3350026
0.15715238
0.385788
-0.1117095
-0.24678627
-0.2118951
0.3867463
0.10093463
-0.39984807
-0.45797145
0.24944714
0.3201032
-0.13129783
0.075492755
0.101720445
-0.5367
-0.2361589
-0.34096816
0.36389574
-0.15826017
-0.61702186
-0.2600989
-0.2379075
0.2338074
0.13634837
0.18112473
0.21258692
0.16987818
0.5155752
0.29378587
-0.012275616
-0.1940492
0.522985
-0.20532003
-0.21405192
0.3456367
0.5196912
0.14077592
-0.18759255
-0.40581277
0.086349934
0.40296897
0.06903667
-0.36440524
-0.035838097
-0.57480496
0.23070122
0.0037784877
-0.4994808
0.03061611
-0.39761093
-0.14118367
0.07240612
0.018057365
0.122033894
0.009807372
-0.45070732
-0.60027874
0.27446333
-0.30980092
0.1268983
0.064723656
0.45195162
-0.5868763
-0.52838486
0.5691762
0.16725282
-0.17597623
-0.044644915
0.37085867
-0.48139527
-0.103403784
0.015241721
0.43374577
-0.58127606
-0.24698845
-0.1164241
-0.20549463
0.36708167
-0.30620664
0.16505267
-0.12383132
-0.16977428
-0.44958663
-0.18731348
-0.031091362
-0.5934044
-0.08950162
-0.029078068
0.33892548
-0.42711395
0.05014462
0.056456987
-0.19271165
-0.21786904
-0.47006443
-0.5835067
0.37081927
-0.5849205
-0.35914293
-0.34416452
-0.25157496
-0.4206628
-0.41916916
0.55434465
-0.095707245
0.0061053825
-0.08541296
0.30282503
-0.10932667
0.024341024
0.20480457
-0.2797226
0.34553698
0.003459788
-0.28925022
0.003970335
0.7045901
0.39727876
0.42065153
0.07204362
0.30161536
-0.42721665
0.10460118
-0.114949204
-0.25223684
0.119396575
-0.1683856
-0.14673579
-0.01037263
0.19442563
-0.12117607
-0.16795945
0.42298555
0.43670103
-0.5175875
-0.21298167
0.360957
-0.41412264
-0.12497625
0.21701516
0.24813627
0.26666632
-0.0094531765
-0.3797204
-0.054107472
0.55833435
0.34500408
0.2488055
-0.06576636
0.17837077
0.23114206
0.0045161317
-0.029021157
0.28889555
-0.39282113
-0.19707416
-0.024828305
0.31249958
0.55956084
0.39518765
-0.22608596
-0.3381835
0.2669937
0.10026465
-0.11628503
0.3772073
0.3275801
-0.26907432
-0.13319586
0.004635058
-0.22971505
-0.4330572
0.1995411
0.5577167
-0.7065337
0.25287953
-0.053759504
0.09843722
0.57228494
-0.080615476
-0.025610315
0.27139783
-0.4690576
0.45337445
0.34850964
0.35985726
0.17064157
0.19063534
-0.28325444
0.007261269
0.28802362
-0.0816384
-0.17145394
-0.43245208
0.23221278
-0.3074416
0.46950844
-0.15967411
0.11196062
-0.32798308
0.0321863
0.12681031
0.3585578
-0.02243125
0.3973465
-0.06530679
0.0769617
-0.021948054
-0.401336
-0.04604376
0.4614249
0.077548616
0.13572961
0.47433218
0.4812626
-0.115539536
-0.04867964
-0.626383
-0.22443041
-0.11060526
0.5511338
0.5452344
-0.251047
0.34306347
0.10564164
-0.0020775895
0.24614207
0.4576673
-0.008268844
0.23226301
0.009579594
0.3371968
-0.23402369
-0.103145756
0.59232056
-0.19213125
0.09775928
0.0905021
-0.34255555
0.6912233
0.10297961
0.14438328
-0.23909692
0.07483324
-0.117561206
0.055214137
-0.090007015
-0.10872637
0.060494345
0.48965576
-0.19648273
-0.5220032
0.19226362
0.027665764
-0.41412127
-0.3990504
-0.14168628
-0.13178451
0.09764942
-0.059021823
0.43672958
-0.28959918
-0.24607362
-0.33471328
0.059430446
0.47388902
0.075534195
-0.50572324
-0.26837254
0.17101762
-0.04414613
0.6597288
0.5495849
0.21394505
0.532871
-0.3388239
0.19747521
0.35339564
-0.33426008
0.60589063
0.1205985
0.616038
-0.16286016
-0.2796564
0.6913496
-0.20456116
-0.026619278
-0.19069909
0.657978
0.25198403
0.31728354
-0.6306741
0.022167232
-0.21030378
0.46872824
-0.27781639
0.20917682
0.15136938
-0.18203843
-0.127255
-0.09559605
0.19344789
0.039197054
-0.5148511
-0.27843422
-0.121271305
-0.2899489
0.21255209
0.26096007
0.17106856
-0.5984731
-0.42176116
-0.48483273
-0.5367748
0.13093843
0.15253702
0.13627574
0.011028614
0.5412043
0.039728414
-0.084949255
-0.35838014
-0.5184004
-0.021190997
-0.21717423
-0.26535147
-0.46335033
0.22833899
0.07645801
-0.06574963
-0.021842413
0.00367518
0.016537584
0.056371182
0.089261055
0.0
-0.01325507
0.034174893
-0.07625616
0.12921982
0.032689273
0.024847867
0.031340573
-0.028538533
0.032145035
-0.025421048
0.039412692
-0.02760785
-0.24610518
0.06235266
0.38451055
-0.16782941
0.106859915
-0.5650432
-0.331758
0.3153037
0.12372001
-0.03546589
0.34015563
-0.17361607
0.35975426
-0.17474934
-0.169673
0.08662495
0.043925628
0.14742035
-0.29720414
-0.38655123
0.4123949
-0.25963742
0.49031812
0.2613082
-0.037304416
0.60352147
0.2623188
-0.16094108
-0.6569058
0.36905962
0.29122892
-0.13662413
0.3481231
0.20831439
-0.36428627
-0.33685184
-0.05723698
-0.21486326
-0.18763758
0.11589666
0.4768502
0.3866687
0.28505498
0.46068233
0.24450667
0.18903244
0.04656011
-0.20602088
-0.35308275
0.24388345
-0.22927123
-0.5465784
-0.17037396
-0.113747664
-0.2178887
-0.494112
0.17752479
-0.29220653
-0.34107617
-0.48828962
0.5607322
-0.066603586
0.10414974
0.29818
0.17382887
0.09587351
0.19604763
0.70770735
0.47241387
0.203003
0.28666854
-0.25945002
0.34940985
0.1742695
0.3718807
0.46253705
-0.2374539
0.56686455
-0.25772324
-0.38725793
-0.047859468
-0.09670108
-0.23166974
-0.51280326
0.027586527
-0.22095034
-0.5230682
-0.42402002
-0.57596725
0.16543691
-0.105454534
0.33489975
-0.16998796
0.4682331
0.3167932
-0.09212129
0.6306263
-0.4252067
-0.27467892
-0.12930487
0.15245211
0.35128653
-0.5830197
0.19304267
0.10463141
0.053372312
-0.003033239
-0.0699948
-0.57875866
0.4445338
0.4083007
-0.11795582
0.33043966
-0.39816418
0.08294544
0.5683851
0.06437166
-0.12950332
-0.109763086
0.21138567
-0.13453925
0.3952366
-0.5163057
0.23665476
0.21543616
-0.24203002
-0.6279036
-0.5287922
-0.10515571
-0.74007136
0.16508543
-0.19029489
0.33571923
0.26465026
0.35644135
0.50576234
-0.39740548
0.446355
-0.21698484
-0.18231735
-0.14982532
0.010348968
0.53249675
-0.22217886
-0.11300552
0.0021535696
-0.32550287
0.34506002
-0.09177286
0.45978066
0.12198955
-0.18213761
-0.4632663
-0.6166176
0.38515913
-0.098087
0.1020273
0.5609313
0.08144456
0.16418156
0.05714485
0.31503454
0.31061268
-0.2541471
0.109146364
0.18570901
0.29746124
0.13805333
0.40708444
-0.012853427
0.06701818
0.18278423
-0.014141013
-0.023736337
-0.08277434
0.25855115
-0.6226226
-0.11449764
-0.069856346
0.25991726
0.15150177
0.16582063
-0.44605568
0.24179311
-0.04017785
-0.5075382
-0.6641511
-0.08664973
0.07964104
0.21640201
-0.4581801
0.34793422
0.67326134
-0.29926467
-0.48055056
0.63904095
0.24210803
-0.21327198
0.6128217
0.039959267
-0.40632924
-0.2604394
-0.29430163
0.38442567
-0.119240485
0.2729163
-0.1284658
-0.1171817
-0.06697209
0.35316354
0.12629002
0.035023596
-0.12605275
0.40248296
-0.18153286
-0.4229419
-0.016700776
0.15946515
0.45428684
0.120306835
0.3520735
-0.55016464
0.015354084
0.7160439
-0.34832168
0.24013203
-0.2248894
-0.17428318
-0.66277087
-0.30798832
-0.26946452
0.40624297
-0.38820997
-0.3533869
0.5778683
0.70347714
-0.353994
-0.50742745
-0.21199334
-0.095446564
-0.30262843
0.062199175
-0.084554985
0.18649511
-0.37006435
0.08686853
-0.31785598
-0.34362537
0.025624096
-0.008554251
-0.058965962
0.7051047
0.00980786
-0.29086012
-0.05054225
0.07215482
0.2098816
-0.53439033
-0.6189589
-0.060847495
0.20962071
0.032278366
-0.43420583
-0.22509445
-0.3996141
-0.009851443
-0.033652727
-0.46768588
-0.22701815
-0.3339985
0.42364916
-0.22307457
-0.38399523
0.050320655
0.24048458
-0.311573
0.6593068
0.059108328
0.39969876
-0.2086796
-0.08968567
-0.00020246053
0.23910584
0.121445365
-0.025818927
-0.69392776
0.15926534
0.29410264
-0.023607334
0.026176052
0.13774842
-0.22609754
0.019814646
0.2736119
0.006330671
0.47090667
0.25322184
-0.26326323
-0.49008474
-0.5667434
-0.41375592
0.18141948
0.066240326
-0.14955877
-0.09915457
0.38699648
0.02324895
0.2232986
0.21244666
0.550317
-0.08016548
-0.104107045
-0.19572362
0.15085982
0.18729962
-0.13553542
-0.19175209
0.18136178
0.1854419
0.16790113
0.6849927
0.26565558
-0.5154302
0.48965076
0.31639054
-0.009843486
0.38645977
-0.38450515
0.55677277
-0.49421278
-0.17699394
-0.0019595083
-0.45926723
-0.31522506
0.31645808
0.3594953
0.43943402
-0.22714733
-0.292632
0.67844427
-0.14319068
0.5988067
-0.036231216
-0.21359739
0.058956813
0.32476458
-0.5047862
-0.25697598
0.5929826
0.19478777
-0.051666304
-0.5117284
-0.06842835
-0.3804977
-0.34698468
-0.0067138895
0.37909457
0.092270955
0.051392213
0.5262396
0.21397354
0.11509254
-0.24308462
-0.15847717
0.27262565
0.18576229
-0.054974973
-0.39159808
-0.31998774
0.043182068
0.27668527
-0.09266146
0.2860584
-0.41915885
0.034311693
0.3266165
-0.063058324
-0.06567682
0.33285192
0.19943513
-0.07907508
-0.4532902
-0.14722906
0.67272955
-0.22464181
0.14173952
-0.50295174
-0.30370528
0.26558232
0.53796434
-0.29956645
-0.054159876
-0.006568436
0.115879744
-0.23706307
0.27360946
0.5162108
0.52420336
0.21316701
0.45438418
0.11733915
0.07853416
0.0
-0.07520227
-0.008394577
0.012041025
0.0
0.0
-0.060122833
-0.07600934
0.045433488
0.03737759
0.06923546
-0.028953636
0.074973136
0.04359846
0.016208109
-0.020753771
-0.043445624
-0.049471624
-0.44066244
0.39488798
-0.20194998
-0.28825784
0.08706363
0.042403888
-0.07181159
-0.42522526
-0.22037046
-0.36571965
0.14444607
-0.23648213
0.3084151
0.33493963
-0.2527489
-0.07533644
-0.21541592
-0.37924862
-0.22678816
-0.106654875
0.19039874
-0.38270366
0.1089444
-0.18841527
0.2895643
0.017737806
-0.22681108
-0.03807764
0.22060007
0.026535109
-0.014353692
-0.37417963
0.07459355
0.13345921
-0.41078028
-0.09036291
-0.13602099
0.035389505
0.48127267
-0.54853576
-0.100904725
0.17181912
0.41253215
-0.1618978
-0.3049368
-0.34131026
0.467607
-0.010171633
-0.42187068
-0.10216748
0.3673476
0.36401045
-0.25441465
0.48464382
0.5424653
0.21132578
-0.22315164
0.4328607
-0.08894494
0.41377023
-0.41440263
-0.03492276
0.05592942
-0.03017296
0.24958967
0.57427925
0.2930922
0.49842018
-0.121560395
-0.16106686
0.15668334
-0.34564814
-0.47031394
0.26811063
-0.065422036
0.19870907
0.4991719
-0.033184797
0.14484787
-0.24623752
0.21753371
-0.45337656
0.002221732
0.21092863
0.029785581
0.21017368
-0.19669169
0.4065702
0.3805802
-0.3617489
0.0035791276
-0.014669542
0.5048616
0.5799883
-0.39376745
-0.14107978
-0.42507672
0.19248874
-0.31623012
-0.27721894
0.004070676
-0.1433281
-0.509555
0.067557305
-0.04175922
