-1.0367278
1.1137464
0.16199826
-1.3227755
-0.5438483
-0.393807
-0.20111555
-0.12458154
1.3739903
0.2751127
0.38036525
0.9239853
0.88629526
-0.88100183
-0.6907169
0.68362457
-1.3771931
0.08953698
-0.31869662
0.12912479
0.24883033
0.61477894
0.15639305
-0.34019643
0.9515255
-0.18683754
0.9481071
0.0026552193
-0.58675766
-0.8107884
0.17526737
0.31035697
-0.6700483
0.59668005
-0.3577144
0.72081614
-0.13404933
-0.18976662
0.3467182
-0.2319474
0.37262642
0.5706516
-0.5925
-0.83387804
-1.2474298
-0.9371001
0.5124667
-0.4221262
0.63379514
0.20290753
1.1812851
-1.2670639
0.3027287
0.5025466
0.76599175
-0.552016
1.610813
0.061282344
0.28311604
0.57761467
0.0704455
-0.6752435
0.0106434645
-0.30546728
0.19800653
0.7981616
-0.41435355
0.35857525
0.40478843
0.56879133
0.062143985
-1.0855243
1.0172564
0.15582097
-1.206587
-0.6684671
1.0631438
0.4817231
0.58136207
-0.14719856
-0.03526579
-0.029502383
-0.0369394
0.0
-0.034767997
0.03070718
-0.02428742
0.014777783
0.029644007
0.03395415
0.034555145
0.0
0.032264728
0.029563576
0.026136154
0.009350008
0.038361855
0.026413994
-0.031021405
0.015186078
0.10853484
-0.15150753
0.44020614
0.15753977
-0.5682009
-0.37277743
0.20337062
-0.18312466
0.17502017
0.18732937
-0.14367433
-0.67177975
0.4294562
0.006762261
0.38816187
-0.28585848
0.25185236
0.19368492
-0.014555761
-0.6160198
0.25288534
-0.34370896
0.07274386
-0.048307426
0.005618919
0.61822134
0.03190218
0.09774544
-0.5926573
0.2841901
-0.13730475
-0.48423144
0.17683943
0.06021317
-0.64629656
0.028206456
0.12235545
0.48187938
0.0018264365
0.16818362
0.69808245
-0.06763396
0.052494515
0.55251604
-0.18583277
0.09557847
-0.108310744
-0.6197144
0.20752786
0.38131237
-0.13676184
-0.46696424
-0.060358293
-0.23186831
0.46741706
0.4115126
0.4567042
-0.26577994
-0.25292084
-0.00997299
0.16854413
0.20774749
0.32958364
0.15929632
-0.09274255
0.3792258
-0.098615594
0.024743125
-0.46783838
0.26074442
-0.4721766
-0.49771547
0.0129141
-0.019128432
0.45316026
-0.21536933
-0.09977068
-0.3503662
-0.5171564
-0.079156436
0.19033594
0.0061416677
0.32675433
-0.16185907
-0.6592298
-0.12452487
0.33318043
-0.052955408
-0.36549252
0.16596404
-0.070766896
-0.29792202
0.017059423
0.3495654
-0.063369155
0.4841185
0.5652221
-0.43783486
-0.29280996
0.016456522
0.3794878
-0.4742316
0.09458723
-0.2269841
-0.0021963227
-0.38018498
0.051373884
0.38499063
0.087994985
0.51937133
-0.09325525
-0.36910018
0.5594735
-0.002681532
0.5847359
-0.015902176
-0.47320393
0.19288777
-0.31279364
0.2229604
0.4833302
-0.4519695
-0.393751
-0.64372236
-0.13891132
-0.29650512
0.16722997
0.010543161
0.22887525
0.6550206
-0.41630262
-0.5959673
0.081557095
0.28284544
-0.22494495
0.3561921
0.01756249
0.56292003
-0.043601017
-0.2536452
-0.37674975
-0.61927855
0.26453975
0.27807716
-0.40434763
0.048801344
0.37909186
0.22698972
0.20397605
-0.3867835
0.71387655
-0.38355565
-0.13080828
-0.13405555
-0.17266609
-0.40298003
-0.06926444
-0.11750794
0.12878971
-0.24128741
-0.41347507
-0.12232498
0.005225767
0.13461456
-0.023175085
0.21027902
0.151683
0.39982525
0.26537588
-0.27309397
0.5837101
-0.0063138083
-0.22120047
0.0985629
0.2714019
-0.095580064
-0.07295441
-0.19957672
0.023097673
0.2316527
-0.713166
-0.22902982
-0.64400554
-0.4849888
0.47648948
-0.5913201
0.5244556
0.07438135
0.13624266
0.057848714
0.49531963
-0.35898912
0.036169186
-0.302964
-0.018538475
0.18581562
-0.067596346
0.06498289
-0.0020954113
-0.3170097
0.020364456
0.1419747
-0.019635633
0.08974307
-0.067513935
-0.31513426
-0.2793881
-0.18478118
-0.6446984
0.10309169
0.4563032
-0.04517596
-0.08535716
0.3122566
0.096220665
0.51111144
-0.5120366
0.29977116
0.12369512
0.04275896
-0.42208236
0.523592
0.363052
-0.030014493
0.42998108
0.0033385677
-0.3069156
0.2283647
0.18522869
0.42824903
0.1109491
-0.2725241
0.37846756
0.04967835
-0.071208246
-0.073424414
0.22382498
-0.14422765
0.048352063
0.19462907
-0.19229549
-0.33321694
-0.22190732
0.08028715
-0.09597288
-0.63879466
0.44519824
-0.027394237
-0.11790645
0.0049059135
0.0715463
0.44188583
0.54367954
0.71607506
0.5925069
-0.32422242
0.29521346
0.15894794
0.17553706
-0.061007425
0.086076766
0.45309815
-0.19957826
-0.209369
-0.081768565
0.17445809
0.26675108
0.33967522
-0.08629632
-0.12791325
0.45923448
0.28553805
0.006548288
0.02260398
-0.30689424
-0.1061529
-0.24762231
0.3746466
-0.042420987
-0.19457747
-0.51546484
-0.06624715
0.11962997
-0.33202925
-0.5352873
-0.33404052
-0.11239121
0.5974472
-0.49768838
-0.28349486
0.14892378
0.0046608667
-0.5332648
-0.1911804
0.23824625
-0.40814096
0.42545104
-0.36618778
-0.4067922
-0.06975193
-0.26909146
-0.20124823
0.13257182
0.19983912
-0.070850275
-0.4781314
-0.045437105
-0.16335079
-0.23004207
0.1568656
0.09823046
0.09511828
0.03854527
0.30642757
-0.17359664
-0.21294953
-0.1849459
-0.12083462
-0.08196125
0.009183258
-0.7077611
-0.3172215
0.24742547
0.28631952
0.39224538
-0.000703516
-0.42177722
0.6055581
-0.24082851
0.16478358
0.095139354
-0.4174475
-0.4476491
-0.28963616
0.57346094
-0.22406529
0.14349869
-0.12767209
-0.4619075
-0.1504278
-0.10317665
-0.3232233
-0.12491464
-0.036058825
-0.35931602
0.382488
0.022107799
0.74032253
-0.17542142
-0.20508896
0.14569524
0.2620863
-0.48367438
0.14452112
-0.2831554
-0.54627866
0.20943844
-0.52057534
-0.39759338
0.05601388
-0.5391148
0.074397966
-0.04807688
-0.21421611
0.6890934
0.050937485
0.22348326
0.26913527
0.018972171
-0.103117496
-0.5867395
0.0033824667
-0.48856887
-0.474647
-0.5483794
-0.15558444
-0.20379886
0.12950782
0.25420767
-0.06682154
-0.15557976
0.5133382
0.12482609
-0.40676224
-0.037506256
-0.4532435
-0.42044502
0.060266867
0.44254425
-0.00021270715
0.119268164
0.45129785
0.13163786
0.29267102
-0.024080008
-0.51618004
0.32130927
0.0543372
0.043401536
-0.19071648
0.0
0.0
-0.030343942
-0.037925042
0.022500556
0.0
0.024176778
0.034654897
0.007879469
0.062248483
0.031465467
-0.0022905695
-0.01614634
0.03157588
0.033816136
-0.017785836
-0.019707792
-0.027254181
0.006939202
-0.029869357
-0.14508991
0.21783178
-0.31598613
-0.19436611
-0.026677119
-0.3672507
0.5599795
0.109626375
0.17946923
0.58916754
0.07739523
0.46568576
-0.67347246
0.069417775
0.37375784
-0.2304423
-0.3318367
-0.27325067
-0.45781296
0.504242
-0.29910287
0.01656035
-0.28015444
-0.28781027
-0.46335584
0.37288624
0.08144516
0.328609
0.17522126
-0.31174996
0.5397898
-0.23696996
-0.15005754
-0.5184118
-0.47488937
0.057633888
-0.42766643
-0.32790384
0.26329052
-0.6914274
0.15844159
0.100246035
-0.422934
-0.25351447
-0.09589992
0.24789946
0.296826
-0.10425783
-0.36782774
0.13611563
0.1551338
0.13887213
-0.07620132
0.17897402
0.2266021
0.52354085
-0.13983586
-0.26244926
-0.1507819
-0.2220248
0.089960344
0.3676973
0.072150506
-0.4123107
-0.035260815
-0.27101952
0.20516647
-0.14277944
0.104705565
-0.2791297
-0.09002119
-0.22202052
0.0019098214
-0.03347769
-0.13405894
-0.21625413
0.13307059
0.027715882
-0.36017832
-0.18848075
-0.37686598
0.21488819
-0.6071096
-0.15427496
0.19302486
0.4998681
0.12292443
-0.20101957
0.34592175
-0.13822728
0.40233135
0.017854283
0.51896197
-0.44173023
0.016106477
-0.063406974
0.15473829
-0.51785105
0.28034586
0.54880214
0.34726483
0.27812093
-0.13093765
-0.30591047
0.30474684
0.6039595
-0.22949144
0.027759505
-0.2094389
0.33834904
0.5173843
0.34153122
0.15530266
-0.013846367
0.13732164
-0.1859978
-0.33411643
-0.45675495
0.16393861
-0.045234703
-0.14078513
-0.7146937
0.067711905
0.11002368
-0.46057996
-0.14818396
-0.19360654
-0.5002058
0.3927318
0.13398302
-0.35159883
0.29935223
0.048296157
-0.09594464
-0.32188392
-0.25586393
0.41086033
0.1514926
-0.12859252
0.061825242
-0.36383933
-0.29736286
-0.14600548
0.0934102
0.07627423
-0.16238637
-0.066164814
0.19362181
0.33019367
0.009076857
0.15511985
-0.10581127
-0.37204957
-0.20126231
0.34644982
0.09124211
0.10376304
0.17265855
-0.27127197
0.27963194
-0.5271588
-0.26476705
-0.2895637
-0.3575993
0.12358635
-0.0036548094
-0.022830892
0.011053464
-0.19920251
0.10123904
0.24768451
-0.5233866
-0.26098797
-0.11980864
0.009081595
-0.37699053
0.3073682
-0.1156718
0.1722342
-0.47627512
-0.3304918
-0.39110643
0.3159729
0.31378976
-0.129466
0.029845502
0.29295036
0.25259158
0.12676075
-0.13388409
0.568631
-0.63888735
0.67197466
-0.057444006
0.5749705
0.3669088
0.19032902
-0.13408382
0.2911735
0.49117807
-0.14170678
0.13366254
0.08520329
-0.27661017
0.13137953
0.066288516
0.069179446
-0.6059878
0.6732623
0.17515302
-0.19612746
-0.38801897
-0.29650652
-0.009358755
0.3619896
0.44509482
-0.058516547
-0.53552413
0.30879742
-0.08907209
0.25791225
0.25374952
0.25649983
0.13136795
0.28347504
-0.12548421
-0.2481422
-0.22515397
0.15893412
-0.04327006
0.09654441
-0.25595796
-0.2557014
0.027070446
0.0021285957
0.13273638
0.17720862
-0.2702769
0.304757
-0.612759
0.26408494
0.32424095
-0.39769295
0.045721103
-0.13811713
-0.2715439
0.22303489
-0.40811238
0.18986386
-0.28455177
-0.64943635
0.16733861
0.020791171
0.36360037
-0.34854406
0.4809146
-0.5566154
-0.29814985
0.34539685
-0.40265074
-0.34376696
-0.044093464
0.595719
-0.18670622
-0.31315535
-0.17489058
0.1910953
0.27071643
0.4108187
-0.16225208
-0.04862318
0.15739337
0.4021107
0.099110566
0.19012791
-0.21151511
-0.54250056
-0.50434965
0.07969244
0.35896745
0.091131814
0.03707549
0.60053766
0.044381436
-0.050892532
-0.29563338
0.14980905
-0.4150552
0.20904958
-0.12816268
0.15197378
-0.34715766
-0.33170584
0.6503507
0.11955664
-0.1495979
0.17461023
-0.004706048
0.2288736
0.1950264
0.34571865
-0.1515246
-0.033399303
0.21837734
0.049622238
-0.30690727
-0.10668186
-0.07601318
-0.43395233
-0.33024088
0.39080718
-0.5156262
0.36568487
0.23328397
-0.5540916
0.62329715
0.25574878
0.07659591
-0.017736012
-0.19174378
0.16335814
0.26936603
-0.26422125
0.27064678
-0.0039671184
0.44857377
0.5198731
0.07255687
-0.050703783
0.3377076
0.24889192
0.47971976
0.054045133
0.40586048
-0.14853534
0.10248686
0.30970976
-0.008925398
0.18005683
0.17942761
0.011655052
0.21656357
0.07056679
-0.11675355
-0.049233492
-0.0758637
0.4077288
0.05706119
-0.13788803
0.09761059
0.6436966
0.50554484
0.34536302
0.43710244
-0.09226999
0.54405105
0.1124937
0.3761703
-0.3772708
-0.2152044
0.3420326
-0.2958762
-0.64734036
0.19278033
-0.27241603
0.63031715
0.3420562
-0.41590467
0.11208725
0.24319674
0.44984356
0.70658886
0.09200412
-0.67130953
-0.22629115
-0.043114454
-0.1363833
-0.102234624
0.16709927
0.32456118
0.13209634
0.3151153
-0.10403266
0.38028076
0.01362453
-0.39137068
0.4067656
-0.05385126
-0.6142317
0.26045692
-0.44486663
0.20052516
-0.06635348
0.17830868
0.2210184
0.121316135
-0.020357363
0.01326339
0.26848784
0.40158585
0.0
-0.0144765405
0.029633727
-0.014599069
-0.035697374
0.0
0.01772994
0.0
0.03232232
0.024569457
-0.00945176
0.012855281
-0.022339633
-0.03493387
0.02756391
-0.029708164
0.03260374
-0.015869724
0.026960716
0.0345489
-0.2484661
-0.054268803
-0.06797408
-0.09217443
-0.18019995
0.32992685
-0.14031094
0.076356076
0.27398524
-0.22874206
-0.14430043
0.23850241
0.30287158
-0.1781425
0.49076217
-0.026747894
0.28982806
-0.03380945
0.13987769
-0.07474893
-0.016138604
-0.47184378
0.42286482
0.26783612
0.05047678
-0.62581205
-0.08739571
-0.20426945
0.07812304
-0.32019192
0.12902813
0.4707654
-0.22119597
0.09823936
-0.61976063
0.3752432
-0.3854399
0.12414344
0.48281014
-0.11159542
-0.008045836
0.123114005
-0.43613452
0.45701015
-0.16515008
-0.5549823
0.7227642
-0.1851935
-0.67551625
-0.043816295
0.49070796
-0.24770914
-0.16803384
0.19137217
0.41680008
0.067365065
-0.25660634
-0.009788471
0.16328374
-0.14861149
0.4058048
0.54011226
-0.28911063
0.082147166
-0.5601952
-0.2874738
0.024450984
0.46131748
0.108872354
-0.39424565
0.35841843
-0.44910958
0.13607483
-0.12957534
-0.096978165
0.4306855
-0.09373748
-0.08163671
-0.5296901
0.45647886
-0.39995664
-0.013673669
-0.13175336
-0.11063437
-0.2918415
-0.017771354
-0.03431197
-0.008324599
-0.12152665
0.06768836
0.13626778
0.15985875
-0.032042872
-0.6344381
-0.5503249
0.29661208
0.02951984
0.28284913
-0.40947208
0.6189366
0.21126884
0.5187906
0.12105071
0.40056446
-0.44165727
0.20452663
0.19197387
-0.1107856
0.33507034
0.5387491
0.3784264
-0.0026641462
-0.26779747
0.09210909
0.046047144
0.121865734
-0.32094577
0.12901397
0.46727186
0.38915542
0.18397348
-0.15312275
-0.25190973
0.16831273
-0.39758953
-0.47827116
0.24606283
-0.18784375
-0.23468229
0.26774082
0.041092243
0.4576377
0.14456816
0.30148208
-0.6340949
0.4242385
-0.33921278
0.026610086
0.06376356
-0.16108188
-0.22493477
-0.3553197
0.23373984
-0.38411164
0.1932091
-0.26848754
0.3248569
0.49212927
-0.2933028
-0.087280884
-0.6320383
-0.1450941
0.31837437
0.15773112
-0.0838472
0.1806571
0.14411542
-0.5793977
0.56212366
-0.067327924
-0.07520075
-0.483976
0.13652961
-0.26935703
0.2428974
-0.06589823
0.23367773
0.10451843
0.29919773
0.21989891
0.58647966
-0.3924829
-0.29717413
-0.018631542
0.07274918
0.38760886
-0.29148495
-0.0300764
-0.17059673
0.6004513
0.055369098
-0.036190107
0.257017
0.025981681
-0.24864954
-0.11205725
-0.22319429
0.6157211
-0.37109149
-0.055630993
0.37626836
0.121309265
-0.027400356
-0.14507465
0.30802393
0.031856854
0.26766878
0.18886669
0.02340539
0.33627084
-0.2010357
-0.59871465
-0.006556047
0.59468466
0.03612162
-0.59980303
0.23136485
-0.29708955
0.38120097
0.29228872
-0.39707568
0.4705756
0.17302948
-0.41585886
0.004518523
-0.098490976
0.18546925
0.439283
0.38121063
-0.59851396
0.18515107
0.009769745
0.40651602
0.609678
0.097778544
-0.5225595
-0.5695203
-0.26397464
0.30320638
0.01497009
0.25787625
-0.32080218
0.048210077
-0.28119403
-0.42929977
0.16436225
-0.29377702
0.3952226
0.72330415
-0.37508768
0.39234996
0.28384477
0.42594
-0.5050616
0.028095417
0.25622115
-0.649958
0.21303628
-0.06821355
0.5044837
-0.14343126
-0.04897315
0.020512626
-0.071119614
0.067815274
0.4740006
0.6936194
-0.14624985
0.40501797
-0.06257197
0.46354404
-0.41831112
0.01277301
-0.55974495
-0.24398623
-0.2288845
-0.06903716
-0.08135359
0.24577513
-0.14500621
-0.08732249
0.40362334
-0.2257272
-0.59589905
0.09431215
0.08045289
-0.08664831
0.08436637
0.5155277
0.0524761
0.29640952
-0.2950497
0.43779364
-0.4178038
0.277329
-0.42904714
0.044986587
-0.34152043
-0.1766304
0.328825
-0.46131527
-0.19298041
-0.32818294
-0.45819184
-0.28215423
-0.07575543
-0.3174019
-0.08954667
-0.081034005
0.42188784
0.13910335
-0.26372755
-0.3987691
-0.34753546
-0.0048142592
-0.14674863
-0.03921431
-0.11075838
-0.4988069
-0.04765343
0.08226174
0.59913254
0.44758672
0.4837321
0.2015527
0.06742673
-0.23099491
0.27184817
-0.13505207
0.18101084
-0.17753828
0.34589654
-0.28353027
0.05873919
0.14998022
0.09599079
0.27413017
0.057280745
0.027471028
0.4356923
0.28612316
-0.48095652
0.0003707267
0.14148393
0.33912212
-0.32339448
-0.014555783
-0.27864608
0.31458515
0.6186977
0.13366354
-0.58307534
0.09139743
0.09425473
-0.0076408386
-0.28616112
-0.4238594
-0.42422524
-0.48417696
-0.30917305
0.09525816
-0.17258623
0.14542891
0.22328523
-0.19271605
0.65399915
0.052790828
0.06668666
-0.08266238
-0.18826745
0.5622077
0.2675106
-0.011241884
0.22640164
-0.23215666
0.55558133
-0.23254311
-0.31413195
0.083666116
-0.13627341
-0.028476479
0.20268318
-0.17613849
-0.04950704
-0.17761742
0.25943744
0.3990058
0.43937287
0.36012223
0.02020719
0.04979804
-0.5752685
0.28282797
-0.3647228
-0.09158733
0.58528244
0.027467212
0.4807481
0.19773106
0.55602795
0.15702775
0.29786623
0.19687773
0.42312935
-0.20829928
0.15669912
-0.4847514
0.0329542
0.5604295
0.09250374
0.02471912
0.0
0.03138989
0.0
0.032403376
0.0
0.034430154
-0.023721248
-0.019570768
0.033268373
0.031240525
-0.026479682
0.015113617
-0.018945549
0.016296789
0.034125358
0.0
0.034828465
0.028737018
0.025293207
-0.38925368
0.14432132
0.11975441
0.19524622
0.45561847
0.011279702
-0.38407344
0.0134051265
0.44101906
0.22570834
-0.37608698
0.20265114
0.4803354
-0.23347366
0.14071542
0.2227518
-0.31472653
0.47054783
-0.111583084
0.3187209
0.06650559
-0.11343967
0.18495305
0.08267629
-0.28102165
0.14847407
0.50491637
-0.17639512
-0.5162668
-0.2868052
0.47387692
0.27764845
-0.15517947
0.121248454
-0.20276445
-0.46632397
-0.34328747
0.13661861
-0.24526852
0.38147876
0.11735817
-0.027603755
-0.06517859
-0.1978224
-0.38263196
0.4327833
0.42305458
-0.46295932
-0.2767902
-0.18129706
0.42725337
-0.22548845
0.19660564
0.3270784
0.37474096
0.07361124
0.29281232
0.36157665
0.23760474
-0.4635062
0.30262995
-0.015471033
0.022900809
0.10764366
0.11265511
0.46867704
0.039847195
0.34820837
0.35856113
-0.059091955
0.008576512
0.3111763
-0.42175934
-0.5085097
-0.39744836
0.42359024
-0.2873368
-0.13654235
0.10863894
0.017329441
0.47613892
0.5045431
0.0018039286
0.42893937
-0.47733617
0.02329287
0.15446147
-0.2862443
-0.45166147
0.08101984
0.10484391
-0.21252571
-0.3678943
0.270548
0.31010938
-0.063847005
0.1997298
0.4868177
0.46575508
0.2305016
-0.045369927
0.016566316
-0.04226326
0.033891715
-0.024954623
