-1.0065795
-0.107302696
0.4480356
-0.12841843
-0.8655618
-0.11407306
0.024811642
-0.30484116
-0.9760673
-0.40921605
-0.31920338
0.57007885
-0.4541453
0.41167787
0.98798823
-1.3190418
-0.14012648
-0.680697
0.7913928
-0.408661
-0.062159795
0.040035166
0.53849655
-0.6296074
-1.1462599
-0.5247761
0.21939282
0.35031667
-1.3933241
-1.0182326
0.30603516
0.058388304
0.09660567
-0.5061349
0.30633664
0.11874338
0.3572118
-0.728155
0.018865498
0.84796804
0.2994173
1.143853
-0.8830213
0.49812838
-0.43311667
-0.124687575
0.70626664
1.436893
0.22130476
0.22094296
0.6767672
0.06416661
-0.9126706
0.40999055
-0.8051099
0.37479627
0.046163492
-0.31578758
0.7018893
0.5279384
0.7177651
-1.0602036
0.49281982
-0.9117619
0.7902636
0.14616223
-0.40141925
-0.6309508
-1.2545404
-0.14076568
0.12610874
-0.84329325
0.9006192
-0.5158559
0.9358321
-0.5221735
0.08133417
-1.1338948
0.0075898888
-0.29408565
0.11689346
0.03693275
0.050875578
0.029551867
0.06733446
0.14702262
0.009123175
0.036790114
0.058677204
0.06682624
0.07193004
0.008933885
-0.037849054
0.039652895
0.06718559
0.007256672
-0.048295267
0.0
0.041397814
-0.040624797
-0.13795884
-0.16522194
-0.43586093
0.05911289
0.043711178
-0.40271282
0.37989324
0.22596076
0.052412417
0.06977727
-0.2462485
-0.35144478
0.7849275
0.21909909
0.45181543
-0.04501685
0.2500342
0.614455
0.039113946
-0.09660245
0.091098554
0.67977405
-0.31837332
0.48376703
0.6462376
-0.08414755
0.17035651
0.62655276
-0.56881875
-0.28188843
0.26343468
0.24037062
0.4231497
0.34538615
-0.5477436
0.6265676
-0.54188126
0.02664624
-0.5111891
0.61474407
0.22168943
-0.018350746
-0.09688645
0.6089314
-0.19053078
0.35131073
-0.4438683
0.5003002
0.24026145
-0.21152173
-0.17390804
-0.23459005
-0.07034642
0.17077807
-0.4436344
-0.18516073
-0.15510626
0.15389311
0.13935286
0.31038553
-0.030812893
-0.6399531
-0.066619135
-0.5867796
0.37847418
0.2420878
0.15883806
-0.18991049
0.28853363
-0.15676396
-0.3884104
0.131932
0.27726826
-0.5411043
-0.55201864
-0.29445553
-0.30089873
0.31850657
-0.40658602
0.036539473
-0.08543785
0.6838438
-0.0014493508
0.77760065
-0.082655445
-0.27300414
0.5412409
0.3738101
-0.03383464
-0.45996246
-0.15878259
-0.49868232
-0.025904102
-0.058942646
-0.5003652
-0.4206232
-0.00465706
0.059901487
-0.101265654
0.13098778
0.27481174
-0.3224769
0.095576294
0.27860975
0.34464738
0.21312012
0.14403869
-0.21987508
-0.030959876
-0.25962397
0.49132296
-0.30504385
0.25941685
0.32768044
0.04889093
-0.240306
0.20656817
0.32508674
0.064571016
-0.41772714
0.33473137
-0.095261715
0.028012289
0.42338708
-0.38011914
0.15725349
0.0044711125
-0.19404785
-0.16621228
-0.056294218
-0.2660387
0.062258366
0.35800165
0.56237674
-0.048675444
0.51972765
0.01704548
-0.2103786
0.13194326
-0.18133904
-0.24390791
0.22877292
0.48685828
0.007071216
0.16636975
-0.29821593
-0.22306459
0.6091896
-0.4309548
-0.6055829
0.0948572
-0.2584661
0.37658873
-0.18299896
-0.037085496
-0.42990592
0.551341
-0.2475007
0.26578593
0.52933776
0.061748896
-0.35740098
-0.13933736
-0.089019164
-0.100010775
0.46759573
0.0013751058
-0.2926064
0.19005835
-0.033137083
0.2698305
0.08891293
-0.042380072
-0.121331364
0.29746464
0.3915346
-0.3526278
-0.15133414
-0.19976017
-0.5021694
0.21807654
0.22173081
0.33144057
0.30372778
0.34124225
0.14183334
0.20127119
0.15889046
-0.32722324
0.20117171
-0.36806628
-0.17853424
0.07028517
-0.4769402
0.47895437
0.46537194
-0.5298095
-0.12537616
-0.6235836
0.18414423
0.30049813
0.2974962
0.1858075
0.27485934
0.31609833
-0.071509846
0.40737367
0.15474202
-0.5036929
-0.14669587
0.43729138
-0.16241255
0.3484054
0.2719588
0.053830873
0.14263617
0.5822192
0.2733349
-0.40663555
0.10131679
0.26402125
0.30391225
0.26169047
0.53154975
0.39035964
0.1386504
-0.03375362
-0.20808159
0.25288624
0.20902802
-0.15569748
0.17591722
0.33859336
0.057826515
-0.5796272
0.040397946
-0.10731005
-0.22014567
-0.098724686
0.56189436
-0.27804956
-0.658948
-0.22260733
-0.06101141
0.56199855
-0.5191888
0.13918859
-0.55207527
-0.6005282
0.4808347
0.36206394
-0.20318297
-0.08528278
0.1878669
0.012156484
0.4497872
0.30030107
-0.14516398
0.31876838
0.062175192
0.64529103
0.40699223
0.3116233
0.20509608
0.3039635
0.26148126
0.15768948
0.16384155
0.27258357
-0.2958161
-0.16951285
-0.1580462
-0.7009033
-0.15018183
-0.4346185
0.3381765
0.50378096
0.050803807
0.15600681
-0.15957172
-0.24043366
0.02920633
-0.41352272
-0.38498086
0.05274427
0.17158207
-0.034497984
0.22437647
0.17099239
-0.254264
-0.04968182
0.074829385
0.10901333
0.6942811
-0.30069074
0.20980245
0.108696274
-0.23433934
-0.32805216
0.47582307
-0.040989023
-0.12884274
0.3045904
0.026948195
0.22334455
0.4578152
0.10394693
0.08494778
-0.007548736
-0.43601266
0.02099074
-0.1474113
0.05965123
0.018913887
0.43340808
-0.17983463
-0.6432532
0.58429116
-0.13273807
0.073413774
-0.31336924
-0.09690753
-0.3035143
0.3204037
0.17398201
-0.05571108
0.09754955
-0.3533375
0.38491958
-0.13334762
-0.21889202
-0.70600826
-0.5029653
0.071331
0.09674181
-0.083959706
0.1323083
-0.33004633
-0.55373925
-0.015731048
-0.087960534
0.5922627
-0.37481475
0.27105045
0.5925427
-0.3279507
0.110634804
0.17923765
-0.16992566
0.24584989
-0.21610829
-0.18169473
0.29001716
-0.5843673
0.06912952
0.40936574
0.28519726
-0.23038957
-0.27577674
-0.5955311
0.45560795
0.5465866
0.026491972
0.07573364
-0.47431493
0.32786334
0.37002376
0.5261763
-0.13495924
-0.17950772
0.26523495
-0.328704
-0.24944267
-0.40643528
-0.4732398
-0.5158849
-0.21026656
0.17628606
-0.19488773
0.6033657
-0.3934989
-0.27189022
-0.24014784
0.2741178
0.21783182
-0.28943968
-0.3900319
-0.27228743
0.0442367
-0.1844129
-0.18471561
0.3569178
0.3090845
-0.17535894
-0.31157675
0.5761051
-0.17435952
0.019433377
0.09163313
-0.14668389
0.047958862
0.027769724
-0.021726657
0.0037781466
-0.027756985
0.03483057
0.05743377
0.049662225
-0.010816057
0.0
0.05410345
0.0
0.05800592
0.06964613
0.0
-0.033717636
0.079842836
0.11929092
0.0
0.053329527
-0.4993982
0.43331936
0.2340191
-0.06628509
0.1266462
-0.55464363
0.46906286
0.23496118
-0.48600635
-0.21963361
-0.20482065
-0.33140513
0.33570734
0.1956596
-0.43036228
-0.046884615
-0.57081914
-0.47544938
-0.09654112
0.61769545
0.2385799
-0.07644828
-0.096550785
0.56810623
0.19539703
-0.3835636
0.20840874
-0.16319188
-0.48690507
0.09298965
-0.009618722
0.15192796
-0.48556787
0.3880677
0.19239737
0.37412742
0.53036505
-0.5506818
-0.51902324
-0.13989845
0.11143478
0.14812227
0.32009712
-0.15607516
-0.63718563
0.00078197673
-0.08581021
0.0479089
-0.15967329
0.13890891
0.3612068
-0.60410887
0.025125775
0.34787568
0.48274413
0.0067785233
-0.11632254
0.6462546
-0.3775282
0.34020498
-0.46297884
0.17119245
0.046879955
0.34115678
-0.12940608
0.56369716
-0.004338825
0.6108241
-0.17459603
-0.33288112
-0.2811883
-0.5729418
-0.35009944
0.3980173
0.113643505
-0.38379046
-0.5429233
0.47687694
-0.11713706
0.20453168
-0.41459143
-0.46098006
-0.1283174
0.42317304
0.111216515
-0.3221878
-0.27257818
0.09001206
0.46389082
-0.045693483
-0.09517029
-0.10655052
-0.23450933
-0.048088554
-0.519388
0.09256715
-0.23853843
-0.22589317
-0.48380202
-0.14099234
-0.2729392
-0.04236275
0.4977906
0.03021932
0.21325092
-0.36275566
-0.22818328
-0.4681607
0.0897951
0.50939685
0.3721989
0.105933644
0.7312052
0.22643705
-0.083572395
-0.0440605
-0.103849165
0.051159136
-0.2841908
-0.28207737
-0.023955833
0.46828547
-0.39351866
0.45575443
-0.34943217
0.46453285
0.03439201
0.25185958
-0.17384183
-0.3292023
0.022143263
0.2537887
-0.23376855
0.2515455
-0.1324323
0.07251391
0.248412
0.26498836
0.22724311
0.12374289
-0.38849357
-0.10716852
0.06639046
0.39484692
-0.12644589
0.082001455
0.62284404
-0.21898066
-0.108626954
-0.39596212
0.27104136
0.29900515
0.12782729
0.10382136
0.02094771
0.6596399
-0.07956717
-0.37366843
-0.055352494
-0.14998913
-0.08912664
-0.07002768
0.6182862
-0.04392538
-0.17680708
-0.2600148
-0.4943598
0.4478923
0.65934426
0.52850896
-0.011640179
-0.3438402
0.05358737
-0.57005155
-0.13029037
-0.13985234
-0.6634823
0.09422195
-0.17590287
-0.26179972
0.31375906
-0.5763778
-0.04188505
0.23834896
0.22806758
-0.21562935
0.12662594
0.62512106
-0.20553187
-0.071808204
-0.02899849
-0.09646932
-0.06651361
0.7090143
-0.17662668
0.2135296
-0.28895712
0.17924732
0.16189018
-0.20914987
-0.40688452
0.49388802
-0.17159681
-0.10821562
0.20290248
0.5913679
0.45427948
0.09010672
0.35233945
-0.25824562
0.22505926
0.2594636
0.40385643
0.5223872
-0.17274086
-0.20345
-0.1033508
0.3680541
0.13169065
0.464327
0.18610004
-0.1912762
0.3630452
-0.5147447
-0.49961996
0.40256345
0.3740625
0.35589203
0.1678577
-0.5443454
-0.29449928
0.7111501
0.32104626
0.4629178
0.40689135
0.1555485
-0.12063786
-0.21296524
-0.46171758
0.39246368
0.4539083
0.4300619
0.6125123
0.2804784
-0.123994865
-0.0047016377
-0.013357207
0.25811145
-0.48557755
0.3881473
-0.15934736
-0.36897168
-0.22058527
0.052062247
0.03282088
0.43482247
0.029536422
-0.18028669
0.22167498
-0.14677565
-0.4005675
0.42091957
0.34252566
0.45180765
0.069353625
-0.32459715
0.5458333
-0.53432363
-0.2557445
-0.15073958
0.27922827
-0.013337941
0.07287374
0.056833934
-0.56878024
0.084504865
0.3695628
-0.21480528
0.34438455
-0.16550681
-0.23467581
0.14910668
0.12303884
-0.24239247
0.36658823
-0.23809725
-0.15726537
0.24787325
0.6268235
0.46356297
-0.12049241
0.36959708
-0.17073457
-0.5334408
-0.04642697
0.006752835
0.048335083
-0.17247783
-0.10569912
-0.088231325
0.006765649
-0.21110846
0.047308106
-0.55187255
0.47929397
0.0670115
0.036009412
0.18513428
-0.48394397
-0.26008365
0.18153587
-0.008838169
0.20149319
-0.0932901
0.5226952
-0.46378228
-0.1789327
0.31059974
-0.07324274
0.36184236
0.38083547
0.6624137
-0.06124104
-0.1293127
-0.5280773
-0.0876259
0.554212
-0.020490814
0.51029617
0.23540291
0.55720955
0.11883173
-0.23917916
-0.23309383
-0.32143193
-0.13202207
-0.48076394
0.09160522
0.12257912
-0.08012757
0.16953045
-0.02717906
0.25484186
0.34625906
0.4789755
0.1270163
0.35962114
0.2165281
-0.4730702
-0.35714898
0.12672132
0.41332078
0.30789188
0.25874022
0.5742516
0.17931136
0.14026251
-0.3029635
0.486514
0.58516645
-0.032568704
-0.33606008
0.04427681
0.21070269
0.23312826
-0.48011124
-0.27454922
-0.13417175
0.5640468
-0.28243244
-0.40313944
-0.3147133
0.28018096
0.32771182
0.45324144
0.09703182
-0.1641526
0.33246896
-0.2844218
-0.28688797
0.070308715
-0.28471446
-0.41677162
0.41170576
-0.0080513265
0.2567549
-0.20398445
-0.18748388
-0.47497484
0.08751432
-0.44406247
0.29719362
0.01929727
-0.0037384992
-0.13505767
0.1451192
-0.49789932
0.1432096
0.60822505
-0.004782846
-0.02584062
0.075558566
0.007928934
0.0475518
0.05629459
-0.01470075
0.05037402
0.0124270655
0.0
0.02490077
-0.028521681
0.04396724
0.047105193
0.03614746
-0.0059700236
0.045805655
0.0
0.016558597
0.062092364
0.05622424
0.26986012
0.51174086
0.36855066
0.67042065
0.17802733
0.08531257
-0.39115247
-0.06456207
0.38704348
0.18997656
-0.35293922
-0.15491816
0.27110302
-0.15867752
-0.33194563
0.34494
0.3068052
0.32819945
-0.35743746
-0.41843128
0.14997816
0.767256
0.13756372
-0.46736032
0.030959502
-0.09413568
0.3372772
-0.46714485
-0.1922808
-0.30607334
0.014527357
0.20943195
0.032681033
-0.5952919
-0.5104046
-0.5685486
0.1146866
-0.61696756
0.19389011
0.17261183
-0.6444923
0.23332822
0.05528889
0.25426725
0.15934306
0.10544819
0.12773986
0.12570386
-0.097118504
0.18674326
0.16648985
-0.04165067
-0.3952747
0.5778403
-0.5262791
-0.2100351
-0.059652235
0.23218906
-0.39149326
-0.086300775
-0.11138392
-0.20579861
0.5660653
0.15095267
0.15193099
-0.6061256
0.40131265
-0.02276477
-0.3967589
0.039846025
-0.33900428
-0.46008435
-0.66069233
-0.027471898
0.58550376
-0.48109713
0.38954747
0.20262852
0.4797873
0.06307956
-0.35687143
-0.23873994
-0.11076997
-0.050868046
-0.63687676
-0.3182621
0.51926446
-0.3721668
-0.17952132
0.6783863
-0.5817217
-0.46723753
0.32296392
-0.20502381
0.46437055
-0.17070156
-0.6480126
-0.285749
0.014003203
-0.047805917
0.32886505
0.04960718
0.044137754
0.4366277
-0.049421012
-0.10562537
0.11667168
0.06993787
-0.36098507
0.040804494
-0.2586956
0.20620854
-0.1664381
-0.2991342
-0.6139357
0.10084426
-0.23457064
-0.25723645
-0.118058905
-0.5949615
0.10374036
0.6897531
-0.02485634
0.063411966
-0.17317231
-0.32703802
0.3208779
-0.17751007
-0.5511044
0.43154776
0.374912
-0.5481413
0.3847202
-0.19651914
0.54743993
-0.10247453
-0.34822786
0.43552577
-0.10061412
-0.094682634
0.071831666
-0.21328865
0.05049925
0.22677433
0.16897605
-0.2055978
-0.01940071
0.27153915
-0.026973572
0.11800127
-0.3997494
0.30005437
-0.35822546
0.11880963
0.28334972
-0.19242623
-0.32994658
0.04470618
0.46386626
0.19347213
-0.37946305
-0.18286648
0.010823457
0.43408683
0.034865014
-0.24331698
0.05752487
-0.11365436
-0.17832802
-0.22661039
-0.029345479
0.25318322
0.63210166
0.2731513
-0.058579315
0.005093097
-0.075432815
-0.6380265
-0.4589224
0.26293668
0.056334823
-0.41327685
0.06288666
-0.016416106
-0.71944857
-0.6451577
-0.014889709
0.11499188
0.33551934
-0.10997804
0.28149444
-0.26464543
-0.3285127
-0.15749893
-0.26002067
-0.4461103
-0.58516735
0.12447331
0.6607682
0.068735264
-0.29751596
0.38726893
-0.23738773
0.62313104
0.14798371
-0.036672927
-0.017472006
-0.265867
0.27765
-0.37676188
-0.28664613
0.20222673
0.27317685
-0.4310965
-0.222147
0.3315675
-0.64285547
-0.1825874
0.0046634884
0.46073854
0.13979478
0.36819488
-0.23433533
-0.11887786
0.33851054
-0.13651994
-0.02194878
-0.29044396
-0.6241965
0.3355779
0.2498096
0.40763655
0.012744568
0.24716894
0.33790088
0.10123863
0.047292892
0.27766556
0.30220684
-0.08865012
0.21829931
0.25037605
-0.23882231
0.011951681
-0.17700836
-0.19194654
0.6825352
0.6119828
-0.27580875
0.2265878
-0.2023762
-0.06418
0.3399789
-0.34236497
0.28892136
-0.434958
-0.27994964
0.12571275
0.16113524
0.30911064
0.069286674
-0.37522787
0.12959309
-0.34563276
-0.019838046
0.2769028
0.47785544
-0.29449126
-0.00039574548
-0.14468633
-0.29590994
-0.11078525
-0.5421735
-0.6649949
-0.1487927
-0.7094628
-0.012715656
0.04915386
0.24368757
-0.48406118
0.36929294
-0.048083883
0.19528055
0.16181271
0.46238643
-0.22920768
0.470348
-0.32105005
-0.248641
0.33992925
-0.15043066
-0.2155028
-0.07128668
-0.37633014
-0.408429
0.20980166
-0.42994535
-0.53157735
-0.58818984
0.28088564
0.22295365
-0.23590045
-0.23085424
-0.02070899
-0.16456878
0.19983746
0.012131436
0.18836945
-0.04661483
0.08388179
-0.2817342
-0.057512365
0.30061728
0.070486836
0.066656336
-0.17247932
0.28076437
-0.039523933
0.49388224
0.13600284
-0.46360874
-0.43842858
-0.67506266
-0.42525437
-0.42037344
-0.1387072
0.19303694
0.5323424
-0.31589675
0.38616005
-0.3029286
0.47997153
-0.64340866
0.012465058
-0.5731606
0.042387266
-0.3437971
0.015975172
0.09233388
0.16998744
0.43398365
0.1448805
-0.09778623
-0.6006525
0.16054785
0.039444763
-0.6612264
0.0012698814
-0.3079981
-0.36492637
0.5475096
0.28974956
-0.08273182
-0.71693563
0.37423888
0.10737346
-0.17006971
0.041890003
-0.024912449
-0.18539429
-0.025167618
0.7822249
-0.14737464
-0.19956665
0.01574247
0.18378347
0.2519072
0.33791015
0.071640305
0.49807554
0.20626439
0.070601806
0.15372406
0.25352567
0.3978733
-0.68669456
-0.4472321
-0.02328713
0.18025763
-0.22779916
0.17492728
-0.18401662
-0.04411518
-0.5734189
0.09678461
0.31060284
-0.14748995
0.6819391
0.15855463
-0.41591704
-0.026988171
0.5297237
0.03637282
0.36872754
-0.29371285
0.4189313
0.40563223
0.3389771
0.00013212001
0.052398052
0.042560596
0.07343071
-0.012122091
-0.023856863
-0.038559053
0.0
0.045797788
-0.026238495
0.0
-0.0125958985
0.0
0.0
0.0
-0.026682531
0.020033365
0.0
-0.03387007
0.034724984
0.045037992
-0.027010536
0.5171333
0.67110795
-0.097554594
-0.48089483
-0.25107375
0.40828085
-0.122474216
0.5265013
0.48738784
0.5151801
-0.25815922
0.18315971
-0.42647314
0.27817106
-0.32633597
-0.117263496
-0.5097463
0.059279863
-0.03652854
0.3475463
0.10258025
-0.30044937
0.016650982
-0.25523692
-0.08351159
0.3410226
0.2735547
-0.3274727
-0.38094902
-0.22189285
-0.4377022
-0.4716404
-0.05489099
0.3370092
0.22499993
0.3473098
-0.34768796
0.31067657
0.04655093
-0.006329216
0.10701351
-0.13378543
0.16097468
0.24224287
0.42307514
-0.38212067
-0.46885237
-0.035511494
-0.49174696
-0.38703617
0.111040525
0.22452909
-0.020835638
0.28291708
0.17905581
0.271979
-0.4236389
0.02612354
0.42269945
-0.09611875
-0.3988704
0.00752173
0.050492782
0.48318508
0.4312939
0.42851648
0.3133813
-0.28264698
-0.19243935
-0.37225795
0.47922128
0.3687653
0.4432876
-0.025607467
-0.30891463
0.5272256
-0.22531411
-0.13961767
-0.5039453
0.22622752
0.4723962
-0.14462382
0.27963036
0.017695725
0.49855453
-0.2028068
-0.23584181
-0.047697306
0.35170054
-0.035489332
0.38686168
0.11333401
-0.38198918
-0.25885636
0.5081828
-0.38255432
0.011098802
0.49587062
0.19387555
0.366174
-0.42739502
-0.2032511
0.26199138
0.040071655
0.0
